0 0.2355870641125004 0.4637797173934998 0.1307627185022988 0.45296837385864314 0.12380666359284455 0.5204127115176296 0.22863100920304616 0.5312240550524863
0 0.26707567334670407 0.3488311906209013 0.2136917743155547 0.30859182362076865 0.1519127555772157 0.39055148512737503 0.20529665460836505 0.4307908521275077
0 0.40644497449157246 0.24327475350601857 0.3337969726208284 0.16008768644641577 0.2842987337823317 0.2033149364847081 0.35694673565307583 0.28650200354431093
0 0.3965925667557504 0.3051382499391492 0.32842654538512606 0.3005957490477026 0.32177039694348075 0.40047974858055563 0.38993641831410514 0.4050222494720022
0 0.31491526660348257 0.6205946424359076 0.2884037456471129 0.5244486887667424 0.21420237960412564 0.5449091553362349 0.2407139005604953 0.6410551090054
0 0.45746583960487747 0.5188662018763205 0.3660463446225095 0.4683231145133108 0.33509349902609487 0.5243088815157907 0.4265129940084628 0.5748519688788003
0 0.5891694212316455 0.39127284439708476 0.5600264709216657 0.292144488431445 0.49642299981899374 0.3108434043958125 0.5255659501289736 0.4099717603614523
0 0.6492804496106691 0.4525872555781218 0.6117542309299695 0.3930124095038218 0.5183937829528937 0.4518201919451965 0.5559200016335931 0.5113950380194965
0 0.5724530759923733 0.7429677545356007 0.5152601280962744 0.7079794254591855 0.46064626806079556 0.7972528413057134 0.5178392159568944 0.8322411703821286
0 0.7268232359695285 0.6909522132942604 0.6767893280530801 0.6409397644589334 0.6001386500427961 0.7176233313430026 0.6501725579592443 0.7676357801783296
0 0.912538930868171 0.6181472708651291 0.8095412507566692 0.6110757438058574 0.8050969581740236 0.6758074236696948 0.9080946382855255 0.6828789507289664
0 0.8368812601084827 0.4664091941891967 0.7695619081714605 0.43610244901391554 0.7318974220465151 0.5197653030191134 0.7992167739835374 0.5500720481943946
0 0.7016990718380399 0.25583141309662627 0.6400458420872885 0.23272147322641495 0.6058983735175221 0.3238208762089431 0.6675516032682735 0.34693081607915444
0 0.6180426449048624 0.5837414649597154 0.5133825073226814 0.5760800884308133 0.5082394038562774 0.6463387311646106 0.6128995414384585 0.6540001076935127