0 0.5572976195890444 0.5381046285357493 0.4464438449782667 0.5143533348933634 0.4328788038518228 0.5776650868449802 0.5437325784626005 0.601416380487366
0 0.5100249172426156 0.6254070471186117 0.4557030769724947 0.5838613891653985 0.392170723419199 0.6669313062574218 0.44649256368931994 0.7084769642106351
0 0.6132430754282383 0.6408586995626614 0.553294705499914 0.6018873088043352 0.4941169534555338 0.692918439642929 0.5540653233838582 0.7318898304012551
0 0.5499421915668689 0.7933465379691048 0.4614080957923033 0.7343317627063379 0.42363679050464065 0.7909963580551924 0.5121708862792063 0.8500111333179594
0 0.6826370683859421 0.7993942144085754 0.6450521323456975 0.701660392652871 0.586690067642085 0.7241043575941465 0.6242750036823297 0.8218381793498509
0 0.49932371602613235 0.9143490348870188 0.48501364956209686 0.8442206416517157 0.37824991856368645 0.8660063409391557 0.39255998502772194 0.9361347341744588
0 0.3940715307807204 0.8064933950192587 0.34240572093771293 0.7548191773416871 0.2701219893891445 0.8270911477125572 0.32178779923215195 0.8787653653901286
0 0.3677217358079951 0.6942524585636991 0.366509399338187 0.6221110663654869 0.2621530167095828 0.6238647759164516 0.2633653531793908 0.6960061681146639
0 0.3897020056733338 0.4315827954057688 0.3202180043211472 0.4243937874396402 0.3085780143232932 0.5368979165991845 0.37806201567547987 0.5440869245653132
0 0.6978021280295165 0.4837349370763279 0.6511636877999456 0.39047052991675535 0.5880393056533516 0.42203694215733695 0.6346777458829224 0.5153013493169095
0 0.5122230358187752 0.3581469103248749 0.4068317646210877 0.3277839264240369 0.388078693896975 0.3928766712257041 0.4934699650946625 0.42323965512654194
0 0.7358830824172213 0.5411307319310183 0.6334304094611496 0.4995040558758494 0.6065534886346408 0.5656542422576568 0.7090061615907124 0.6072809183128258
0 0.8601437252029616 0.6786365096376678 0.7638425629925653 0.6401211101344697 0.7363749509861056 0.7087991712083693 0.832676113196502 0.7473145707115675