0 0.5186971663228831 0.2888423811159427 0.4832895694992754 0.22513618418966314 0.3968674877998622 0.2731691601497682 0.43227508462346986 0.3368753570760478
0 0.48767255994100017 0.38401002894162933 0.39936016461404983 0.34553495461399525 0.3719572993114036 0.4084331482104746 0.46026969463835393 0.44690822253810875
0 0.4467211289919123 0.45426956853258316 0.3507947203796132 0.4124771991136527 0.325614190832638 0.47027429939730137 0.4215405994449371 0.5120666688162319
0 0.38227783994981035 0.5727542818854604 0.328006172225717 0.48410932521445954 0.26949916031315685 0.5199294466211721 0.3237708280372502 0.608574403292173
0 0.33896362028723537 0.6640288244936491 0.26105644070144896 0.6090306002306504 0.21892941592646578 0.6687052120665735 0.29683659551225217 0.7237034363295721
0 0.5254449336560694 0.6161021897864254 0.4952284602721983 0.5516681246800273 0.4019985252806517 0.5953884742280552 0.4322149986645228 0.6598225393344531
0 0.6055179342523369 0.4806386430654798 0.5566832301809421 0.4328861700678294 0.4853693965700298 0.5058162141465296 0.5342041006414245 0.55356868714418
0 0.6674787201551721 0.40790608816852175 0.576680670111773 0.34022347800374686 0.5345745875576352 0.39670992528428994 0.6253726376010341 0.46439253544906484
0 0.7627624584735448 0.3994766188610911 0.69246907082725 0.3195008025594851 0.6381197211298449 0.3672702419134541 0.7084131087761397 0.44724605821506
0 0.5504105503162765 0.7406656737811332 0.4915335500307709 0.7112399792249047 0.4444896319598324 0.8053687608718839 0.5033666322453378 0.8347944554281127
0 0.6882686186333173 0.6752954853308055 0.6483595511614159 0.6186728420229062 0.5604562861634194 0.6806292808053402 0.6003653536353208 0.7372519241132396
0 0.8190956029038576 0.5720643580204442 0.7620201456168251 0.4948778089601456 0.7059981048365717 0.536303208004581 0.7630735621236043 0.6134897570648796