0 0.329153856283615 0.37516608614635744 0.22211924802946142 0.35843472732177606 0.21210685622415895 0.42248645472799057 0.31914146447831254 0.439217813552572
0 0.4482122928191765 0.5423916185957801 0.385421444716754 0.46105043828282816 0.32917636769033026 0.5044684963253531 0.39196721579275284 0.585809676638305
0 0.5327194390508129 0.6069721535006621 0.5203542741235032 0.5042970727397783 0.44921824330843113 0.5128639883612135 0.4615834082357408 0.6155390691220973
0 0.6722070038160953 0.5620270993322256 0.5745836865684829 0.5253134056813175 0.5514187012850916 0.5869101147692043 0.6490420185327039 0.6236238084201124
0 0.7443653405681603 0.8128420393497776 0.7140133716800017 0.7534835008403122 0.6195421793356737 0.8017897220321476 0.6498941482238324 0.861148260541613
0 0.6230806446128351 0.7585307677907682 0.5980992672720514 0.6937921078304706 0.4938468164971101 0.734021080952674 0.5188281938378937 0.7987597409129715
0 0.3714513844678361 0.687000427223068 0.36337636654219546 0.6208758724228487 0.2641032253662929 0.6329989392162967 0.2721782432919336 0.699123494016516
0 0.5473491018507516 0.42293175384312137 0.47422590455801933 0.3576715313255705 0.4252806974045924 0.4125139744118035 0.49840389469732466 0.47777419692935436
0 0.655206961162313 0.3087807696125007 0.5836489973817406 0.3029180594556699 0.5747558722797773 0.4114640913963641 0.6463138360603498 0.4173268015531949
0 0.46909560428593744 0.3331730430628552 0.46763973820262705 0.2393684932071847 0.39028358997987017 0.2405690766832136 0.39173945606318056 0.33437362653888403
0 0.8115802664801959 0.4987457178408485 0.7005306482736001 0.4776956937857345 0.6871701849146518 0.5481789555240495 0.7982198031212476 0.5692289795791635