0 0.3937815140224564 0.40269861227585335 0.3566908766848185 0.3031856436050591 0.2955513286014954 0.3259736765140919 0.33264196593913337 0.4254866451848862
0 0.36527273000991356 0.4262797342344785 0.31395479233780743 0.38377751609215116 0.24769270216270434 0.4637835478301273 0.2990106398348105 0.5062857659724547
0 0.4796816189280233 0.46824812604085503 0.43426403063930824 0.3864612855478207 0.37795211993724026 0.41773222303115864 0.42336970822595527 0.49951906352419295
0 0.38115934679626223 0.5500033962640027 0.27329472692146184 0.5331567875075564 0.2620926490329522 0.6048808888219908 0.36995726890775255 0.6217274975784371
0 0.4017850284507096 0.6387124480620363 0.3330196545068934 0.627012528818389 0.31661409656951955 0.7234349316424935 0.3853794705133358 0.735134850886141
0 0.5393012047486072 0.7910413271366336 0.5178360812903892 0.6860551835685539 0.45368201733628843 0.6991719136085348 0.4751471407945064 0.8041580571766145
0 0.6996541146724485 0.7408397578951085 0.6703219033454646 0.6803027778826405 0.567127909980283 0.7303037528311674 0.5964601213072669 0.7908407328436353
0 0.6849235970648234 0.6340875190865413 0.6741851602120618 0.563443233364471 0.574055854174121 0.5786636042551819 0.5847942910268826 0.6493078899772522
0 0.5946675229276855 0.679902809039166 0.5421568434728983 0.5887393365934156 0.4828628501012253 0.6228930145523921 0.5353735295560126 0.7140564869981426
0 0.5654877097418506 0.4782144030544757 0.5034283768827937 0.4452900068548691 0.4538621440460009 0.5387176075780312 0.5159214769050579 0.5716420037776379
0 0.6820583460776302 0.40215003719882336 0.6367092844907871 0.35229343923778395 0.559729610745443 0.4223133785914622 0.6050786723322862 0.47216997655250154