0 0.31949819954940545 0.41698635976237514 0.24790825716665327 0.41528234680340725 0.24528212761862497 0.5256127653859405 0.3168720700013772 0.5273167783449084
0 0.45875666049545155 0.45615628100033523 0.4132608512467037 0.3665477118092721 0.35027139444802663 0.3985285406191207 0.39576720369677454 0.48813710981018377
0 0.4059745330047915 0.5314372532578808 0.3417591237345892 0.507615023566728 0.30634558818788765 0.6030760575807216 0.37056099745808996 0.6268982872718744
0 0.5981591683015529 0.46675291383365475 0.5830430743693631 0.36702969572370603 0.5186050780219675 0.3767972385692991 0.5337211719541575 0.47652045667924775
0 0.585781572607678 0.49538664492398016 0.4937664749672356 0.4428293174800218 0.4601730899245942 0.5016431642850683 0.5521881875650367 0.5542004917290267
0 0.7961731143827224 0.6263519287903461 0.7368296159815969 0.5390227101597157 0.6789562536345632 0.5783498430456195 0.7382997520356888 0.6656790616762499
0 0.6675722616416625 0.5586181920987754 0.5654362529051339 0.5586181920987753 0.565436252905134 0.6267969282992198 0.6675722616416625 0.62679692829922
0 0.3061105974141437 0.7676858457423194 0.29861198717953713 0.6589090740997329 0.235343470598588 0.6632705378460657 0.24284208083319456 0.7720473094886523
0 0.4485042164765663 0.6915470149976201 0.35161346788677816 0.6592639581564926 0.3281281111943844 0.7297502755465273 0.42501885978417253 0.7620333323876545
0 0.6583217604721107 0.7147646496018231 0.54870105515965 0.6911801179384023 0.534795621916349 0.7558124549955838 0.6444163272288098 0.7793969866590047
0 0.5699981517453981 0.6889016544216875 0.4994569443966131 0.5970464907855106 0.4434267348538874 0.6400755211926008 0.5139679422026725 0.7319306848287777
0 0.7920042841444942 0.8041387820340151 0.7348268739372068 0.6996496676508245 0.6780460637387217 0.7307206523728768 0.7352234739460092 0.8352097667560675