0 0.27722699425228314 0.6290121082911984 0.24780345298240047 0.5708031168405977 0.1557877338664374 0.6173153178153241 0.18521127513632007 0.6755243092659248
0 0.32995348574816696 0.7311390204271684 0.29491237496457956 0.6347344422927544 0.22729636445254403 0.6593114920651518 0.2623374752361315 0.7557160701995657
0 0.4585830932678062 0.7085718753855145 0.34397701601662095 0.689952578201085 0.33346794488074494 0.7546383397798625 0.4480740221319302 0.7732576369642918
0 0.40156364842773423 0.6360099014422791 0.40012374065484035 0.5374167820044424 0.32561414927844734 0.5385049607778675 0.3270540570513412 0.6370980802157041
0 0.3787696684575886 0.41737385295978124 0.28250503930932336 0.3799844111957414 0.25605647278188 0.44808014432637866 0.3523211019301451 0.4854695860904185
0 0.5695610533552418 0.30647699174805265 0.5105019316278925 0.27320350612620253 0.45878563240861436 0.36499789297197544 0.5178447541359636 0.3982713785938255
0 0.5818703930878727 0.8007956853341036 0.526998002852503 0.7546611707739066 0.4566638169471227 0.8383166493820378 0.5115362071824925 0.8844511639422348
0 0.7010877774294192 0.6832873364929118 0.6128859405454159 0.6192228566810988 0.5708623180733592 0.6770795770578685 0.6590641549573624 0.7411440568696815
0 0.5611266421925465 0.686425969147963 0.5337226324056419 0.6225108057808508 0.4288027597880206 0.6674958306886264 0.45620676957492523 0.7314109940557385
0 0.7284327716570113 0.5523952745048645 0.6232380399272636 0.5212131832755307 0.6045652261412221 0.5842070864879717 0.7097599578709698 0.6153891777173055
0 0.5979795013622645 0.6004096562366762 0.5826301621406637 0.5283960192934973 0.4762639484521451 0.5510674349437107 0.49161328767374596 0.6230810718868895
0 0.547681292084279 0.5242075511101825 0.5384287630922857 0.45318150771796684 0.436717424358141 0.4664313955831165 0.4459699533501342 0.5374574389753322