0 0.7016406351642106 0.408725190054343 0.6455550202317895 0.3711641395941992 0.5921550700423281 0.45090016952537937 0.6482406849747494 0.48846121998552317
0 0.5332392589767001 0.41974980828928254 0.4376509981694766 0.3663463528199539 0.4073139856173051 0.42064737589915285 0.5029022464245285 0.4740508313684814
0 0.35619349699207575 0.3868430481489126 0.2827924680060644 0.38655534518465273 0.28238721188883176 0.4899474533760788 0.3557882408748431 0.49023515634033865
0 0.24587036629550657 0.6486740956138403 0.14953578313804944 0.5890457391420892 0.11479003934425475 0.6451803861947338 0.21112462250171188 0.7048087426664849
0 0.34983717393739105 0.6717880762948492 0.3037316197297479 0.5700964205657293 0.24187284069545195 0.598142313510785 0.2879783949030952 0.6998339692399048
0 0.40609086535723465 0.792790142814008 0.30478593527867015 0.7578811949373427 0.28337528150248764 0.8200143990486701 0.3846802115810521 0.8549233469253352
0 0.6079692064899225 0.8499686401615273 0.4993644948872656 0.8132519139801033 0.47706920129272223 0.8791993494613466 0.5856739128953792 0.9159160756427707
0 0.5906221729473086 0.7381438931083676 0.4949827101993987 0.682417726971601 0.4572369523279187 0.7471984979110766 0.5528764150758286 0.8029246640478434
0 0.507491315666021 0.6474668631581987 0.46608597835240256 0.5914743377153303 0.37905498027512574 0.6558319962354374 0.42046031758874425 0.7118245216783057
0 0.7072146570969283 0.7004873734868923 0.6490627538130781 0.6155807190885616 0.5943373112386702 0.6530617465333955 0.6524892145225204 0.7379684009317262
0 0.7906219361282032 0.5739189627587752 0.6946156966001815 0.5312311463752526 0.6665492735669175 0.5943534131180043 0.7625555130949392 0.6370412295015269
0 0.5556235077456324 0.5290553159251326 0.4420234736682593 0.5095534105104177 0.43074843968040283 0.5752313131566692 0.544348473757776 0.5947332185713838