0 0.5833919355437235 0.3837707133402364 0.4821724446923127 0.34647460824853227 0.4594273393608313 0.40820352003043187 0.5606468302122422 0.445499625122136
0 0.42715170922069057 0.4289038921488893 0.37991573542675516 0.3833490095339958 0.3066852995761019 0.4592818349569511 0.3539212733700373 0.5048367175718446
0 0.29831693824112243 0.5430025634176353 0.28889619399661604 0.44171586864935886 0.21516967595919695 0.44857322214536854 0.22459042020370332 0.549859916913645
0 0.4687406523218127 0.5466534737376519 0.4095582499647841 0.5054883406445178 0.34944707131901426 0.5919091461529182 0.40862947367604296 0.6330742792460524
0 0.6321995582298944 0.4998325324428369 0.5728709911837221 0.45915537149184976 0.5125835202407099 0.5470860229499588 0.5719120872868821 0.587763183900946
0 0.7370419116624426 0.6365740966664933 0.691105284611739 0.5366073338059075 0.6226617070507522 0.5680584582243273 0.6685983341014556 0.6680252210849131
0 0.6344220754555229 0.638655696199277 0.5650957930875892 0.5612782885697133 0.5135068110171926 0.6074994330568555 0.5828330933851265 0.6848768406864194
0 0.4925135825553927 0.7094727236947312 0.46347729205085275 0.611183584026125 0.3925248738353646 0.632144140138944 0.4215611643399045 0.7304332798075504
0 0.3140420516958314 0.6613032903151606 0.2750450748514603 0.5997372039873775 0.18560325906661532 0.6563911286904991 0.22460023591098638 0.7179572150182821
0 0.4014741369349258 0.7289192380553519 0.3341303719706988 0.7271468308003977 0.3317013930625442 0.8194374622207964 0.3990451580267712 0.8212098694757506
0 0.5502632730204259 0.7761247302160401 0.4981946697406347 0.7321862227540004 0.42711970791006326 0.8164124335300397 0.4791883111898545 0.8603509409920793
0 0.6826530254140442 0.7349340766724566 0.5688313126083968 0.7313775997672124 0.5668461948403515 0.7949094349231401 0.6806679076459988 0.7984659118283843