0 0.41043433793519063 0.3654892040067713 0.31691171071776675 0.30245211443220815 0.27829849983640426 0.35988265142994064 0.3718211270538282 0.4229197410045037
0 0.31732728976983593 0.514372682041456 0.26684356669111003 0.46384748171087237 0.19188404931835631 0.5389330597857039 0.2423677723970822 0.5894582601162875
0 0.5009164009435311 0.7842013911239398 0.42796345004883163 0.7752244052273579 0.41437820000313436 0.8859036972060327 0.4873311508978338 0.8948806831026146
0 0.6351970288684595 0.7314376854105552 0.519680385430034 0.705073144955615 0.5050034055923674 0.7695416305263099 0.6205200490307929 0.79590617098125
0 0.7265069290517211 0.6389262094925078 0.6180984592192817 0.6103742551436763 0.6016444425885108 0.6730047324102618 0.7100529124209501 0.7015566867590932
0 0.4466821353283838 0.6878384014951254 0.38753462534657174 0.6557738702937711 0.3356730259330618 0.7516794540579762 0.39482053591487387 0.7837439852593304
0 0.3694257284119323 0.6943543343744057 0.3667686484902908 0.6305339801178562 0.2556038898167958 0.635173776820817 0.2582609697384374 0.6989941310773665
0 0.43904573643603606 0.6149558849761956 0.3816391494941276 0.5227682142542571 0.32263243297396443 0.5596045776833874 0.3800390199158729 0.6517922484053259
0 0.4885607360080342 0.4353342276149637 0.3749489436542145 0.4311997846663442 0.3726454282002109 0.4946574300614444 0.4862572205540306 0.49879187301006395
0 0.5966017868869864 0.46105414011061413 0.5356025899480776 0.42778757269203954 0.485998217048124 0.5189723843952279 0.5469974139870328 0.5522389518138024
0 0.6014222324852692 0.306100659963964 0.5644962879405001 0.25243818445477967 0.48249752811722707 0.30900407244641814 0.5194234726619961 0.3626665479556025
0 0.7661495030297584 0.5000687935523354 0.7488182305360752 0.43829444218136787 0.6448914890346138 0.4675249245757073 0.662222761528297 0.5292992759466748