0 0.2640494341737315 0.5412426230514357 0.1978516205693059 0.5123868707252479 0.15692287631688445 0.6062812648986454 0.22312068992131 0.6351370172248331
0 0.37361109265883913 0.5873105878052345 0.2709016458257616 0.5691167319902565 0.2585619783980261 0.6387776344672058 0.36127142523110356 0.6569714902821838
0 0.3735875429678815 0.7591494321064658 0.3413354667254975 0.6595854815558898 0.2761573608668372 0.6806988386280347 0.3084094371092212 0.7802627891786107
0 0.4525546152651253 0.6941145265367538 0.4393322889904586 0.5870599074690995 0.3691309702930448 0.5957304790783681 0.3823532965677115 0.7027850981460222
0 0.5457645141533545 0.7707157075929084 0.4877216226745228 0.7238372653516495 0.4256560522186776 0.8006842124408978 0.48369894369750926 0.8475626546821565
0 0.6074469928707108 0.698571036276124 0.5845312884127587 0.638501759915919 0.4854474332025572 0.6763010556646475 0.5083631376605092 0.7363703320248526
0 0.7375343428369676 0.6534828854855615 0.6976778647936477 0.5949535276262851 0.6112959436101468 0.6537766425708877 0.6511524216534667 0.7123060004301642
0 0.6588193800899221 0.5005211438687227 0.6453161000769589 0.401820891558829 0.5788023322940358 0.41092070650428675 0.592305612306999 0.5096209588141805
0 0.5965775364241098 0.5942506012348252 0.5816701522967147 0.5209875286772631 0.48491110284782 0.5406758145705826 0.4998184869752151 0.6139388871281446
0 0.36684904319765205 0.5056758680867378 0.27474580755225214 0.46742776463530944 0.24779508701539094 0.5323263698059444 0.3398983226607908 0.5705744732573728
0 0.49354168109481045 0.4976199458354772 0.4394164294777002 0.4531525994430324 0.3739218392843612 0.5328720219264095 0.4280470909014714 0.5773393683188544
0 0.517378774123014 0.402296222463083 0.4261859692088744 0.3642827706902566 0.40172179925172913 0.42297137102102406 0.49291460416586874 0.46098482279385034