0 0.5233190132046119 0.42554772628928833 0.4725624395736015 0.3808375717795932 0.4071070466231471 0.4549592331914023 0.45786362025415756 0.4996693877010975
0 0.37415763765434396 0.526253956232463 0.2960454285267092 0.4644660274268665 0.25309607294619485 0.5186268834235407 0.3312082820738296 0.580414812229137
0 0.46154965557617583 0.5443321094429497 0.42153784436938563 0.4904445857403643 0.3371697709903073 0.5529318772052817 0.3771815821970975 0.6068194009078671
0 0.5664680139652423 0.48469533264571496 0.49844911653563456 0.4694382169843141 0.47462283729403637 0.5753945601671417 0.5426417347236441 0.5906516758285426
0 0.6700757178413975 0.5469755477762277 0.6285595839047379 0.4577890407967823 0.5634111925582752 0.4880397130680436 0.6049273264949347 0.577226220047489
0 0.6223612948986519 0.6040967565630315 0.5538365658034947 0.5698919031249118 0.5094572689959133 0.658577602366964 0.5779819980910703 0.6927824558050838
0 0.7405870899059913 0.599836070756125 0.6710430252442289 0.5935244541259181 0.6620680644215626 0.6921673026018089 0.7316121290833251 0.6984789192320158
0 0.40794667795635386 0.6985154630637262 0.3449772957491455 0.6233036389266285 0.29633580087193157 0.6639258734053329 0.35930518307913994 0.7391376975424306
0 0.513811898763559 0.6664603407556287 0.4176112317198878 0.6426352397765928 0.400570663857874 0.7112695038247421 0.4967713309015453 0.7350946048037781
0 0.49282874633148477 0.8052376601734771 0.4236024788244178 0.7115706290496656 0.3694862208223581 0.7514662753112799 0.43871248832942505 0.8451333064350913
0 0.5607699133874549 0.79161443112461 0.49854208295790164 0.7885302886578412 0.4934796681662986 0.8904179372027228 0.5557074985958517 0.8935020796694916
0 0.6629288992065178 0.7247067584934653 0.5903765945743249 0.7126349288934631 0.5740623184435153 0.8104395802531579 0.6466146230757083 0.8225114098531602