0 0.5054102294003521 0.3881528082471883 0.489301373569764 0.3262082666888411 0.3888416190086403 0.3522678429116176 0.40495047483922847 0.4142123844699648
0 0.6211520005861634 0.571254527274042 0.5804478673355646 0.4655103943611945 0.5167861485884093 0.4899545013091248 0.5574902818390082 0.5956986342219723
0 0.45627818049877483 0.560129164881628 0.43898254868621567 0.4959961831956795 0.32938872876746683 0.5254780275502696 0.346684360580026 0.5896110092362181
0 0.3562932909218731 0.5992914869010134 0.3346768654624366 0.5383876758904752 0.23233407014374777 0.5746211744660426 0.25395049560318433 0.6355249854765809
0 0.31064467818272407 0.6625069913339678 0.23793475273177836 0.6498540957406901 0.2209695971645315 0.7471008703540274 0.2936795226154772 0.759753765947305
0 0.46964871091481525 0.6713460768947371 0.44476746506946063 0.6096758184312218 0.3391239883553342 0.6521918405010655 0.36400523420068875 0.7138620989645809
0 0.5683358320567974 0.6885179882525599 0.5009884778208834 0.6058440638251499 0.44933717247261457 0.6478148275266855 0.5166845267085285 0.7304887519540955
0 0.7642364131728331 0.5553240705139324 0.7159105203012694 0.5061514691579189 0.6383347312579346 0.5822009911909326 0.6866606241294982 0.6313735925469461
0 0.4349425800334399 0.7942166421458774 0.39638924632873346 0.7407602690262719 0.3120844121746196 0.8014099486124167 0.3506377458793261 0.8548663217320221
0 0.548002662576545 0.7828135953821836 0.4853297346385425 0.7701045552019083 0.4642088926697024 0.8739989322552326 0.5268818206077049 0.8867079724355079
0 0.67324054964026 0.7716696840841948 0.6128465483511992 0.743173719227118 0.5660895941713977 0.8420222536953146 0.6264835954604585 0.8705182185523913
0 0.7492823642313126 0.7154932819697654 0.662794209399282 0.6592534232628247 0.6238927806639956 0.718928302323333 0.7103809354960262 0.775168161030274