0 0.6292036879734898 0.4504142782924668 0.5563641802319222 0.4386644453856965 0.5392112375932547 0.5449988850354702 0.6120507453348222 0.5567487179422405
0 0.5795877624508925 0.4217795877670002 0.5573966075247005 0.3598698771515674 0.45715770895175994 0.39579989371521246 0.4793488638779519 0.4577096043306452
0 0.339565923452623 0.5190851994904317 0.3092913660335237 0.42219405949690714 0.24092956122746478 0.4435543550307671 0.2712041186465641 0.5404454950242917
0 0.4149632013958038 0.4819678347819481 0.3372254485663142 0.4792875637415055 0.3336141563385927 0.5840283673235618 0.41135190916808234 0.5867086383640044
0 0.3369439184739192 0.7467119008966396 0.33426023964910107 0.6778225458935652 0.2237188495173659 0.6821288365817165 0.22640252834218397 0.7510181915847909
0 0.5445312888262178 0.6882783416177982 0.4489384881014359 0.6443517691451452 0.4214890573083607 0.7040870915276215 0.5170818580331427 0.7480136640002745
0 0.6809923188177995 0.6829787457540171 0.5822093286263053 0.6459399406637328 0.5583363209553152 0.7096095724689847 0.6571193111468093 0.7466483775592688
0 0.8476241525336197 0.6148373993421983 0.7359980252755318 0.5742515200768502 0.7140086756974142 0.634730336324284 0.8256348029555021 0.6753162155896322
0 0.7855042290598636 0.6907530074983754 0.7166206270820431 0.6758575415241072 0.6941568639880512 0.7797404894334691 0.7630404659658717 0.7946359554077375
0 0.677406531304422 0.8182965615604583 0.5864062023804005 0.7645985368256274 0.5514989670078394 0.8237547146630377 0.6424992959318608 0.8774527393978685
0 0.5661847205128451 0.8787617924308291 0.4860625667992773 0.8232998412675184 0.45129122761819773 0.8735316582926651 0.5314133813317655 0.9289936094559759
0 0.48157514646437644 0.771713579373565 0.41547805149861533 0.7433899423722329 0.3754437219138039 0.8368155460238192 0.441540816879565 0.8651391830251512