0 0.681625584409244 0.46093356937367785 0.6134042490319692 0.44237271300717873 0.5854214855140851 0.545482341903584 0.6536428208913599 0.5640431982700831
0 0.5924569959762245 0.49644993044265706 0.48666521471718704 0.4745251782278838 0.47391084445664655 0.5362219828146768 0.579702625715684 0.5581467350294499
0 0.47388275448503525 0.4820948980323067 0.44288906770821695 0.3883364138616987 0.37882212448964964 0.40956803133898667 0.40981581126646793 0.5033265155095946
0 0.3489679566601229 0.5485732949911061 0.24349505728720688 0.5073709365346752 0.21970680225468034 0.568418426162773 0.3251797016275964 0.6096207846192039
0 0.3501430973824972 0.6806635398024607 0.2581454883108697 0.6306659687483429 0.22703920241594827 0.6880461887350052 0.31903681148757573 0.7380437597891231
0 0.3990080910993934 0.7656737351938246 0.2892007274273054 0.7616275684205697 0.2868696600276046 0.8250479618082409 0.3966770236996926 0.8290941285814959
0 0.43902802995528295 0.6929637482671103 0.4322514856682652 0.5858097670554976 0.35984629156957415 0.5904002259928423 0.36662283585659194 0.6975542072044548
0 0.5865848393926681 0.6708270069039182 0.49487713611150796 0.6340822081425143 0.4676397533362756 0.7022315605680999 0.5593474566174358 0.7389763593295038
0 0.7450368357435768 0.6701520788532921 0.6548752656362228 0.6161604254365667 0.6197596905089003 0.6749473904962943 0.7099212606162543 0.7289390439130198
0 0.533278108965959 0.8607984500605725 0.5311750534923929 0.794410648220676 0.4240829697887121 0.7978116450230549 0.42618602526227817 0.8641994468629516
0 0.762120623310298 0.8507425639130678 0.7514828895724368 0.7833146866084592 0.6484016416117118 0.7996179937708936 0.6590393753495729 0.8670458710755024