0 0.3928101352495028 0.5150875535522931 0.3039138531000767 0.494004070031403 0.2890108244289021 0.5569985045327034 0.37790710657832816 0.5780819880535935
0 0.6004678571845681 0.5021414082979152 0.5877137787144333 0.43280905876743087 0.48752238171106127 0.45128599731563956 0.5002764601811961 0.520618346846124
0 0.6909793650905381 0.5510190472205065 0.6725761138775642 0.4895899248671321 0.5749846143907829 0.518900115983964 0.5933878656037567 0.5803292383373385
0 0.6199021104149276 0.6399233670815959 0.5744193631710103 0.548832399214976 0.5144274859278817 0.5788620470880498 0.559910233171799 0.6699530149546696
0 0.5170568214529873 0.5850762616382406 0.4534004802180825 0.5557539269348748 0.4110130162997104 0.6480040543845796 0.4746693575346152 0.6773263890879454
0 0.3458699892394192 0.6641687858201212 0.3063402526045137 0.5670323343387956 0.2444914756199743 0.592264772544176 0.2840212122548798 0.6894012240255015
0 0.39896375369691306 0.7262014623154291 0.37761534693611937 0.6620676110407199 0.2769189687160687 0.6956706390894617 0.29826737547686244 0.759804490364171
0 0.46647887432188645 0.7798009028683079 0.4120642269326011 0.7489233685843387 0.3621687556649198 0.8370730507942306 0.41658340305420516 0.8679505850782
0 0.5647148371635278 0.8260758884025856 0.5009063745052574 0.8078196868566423 0.4716257062988183 0.9104168277644314 0.5354341689570886 0.9286730293103747
0 0.5545566498980932 0.699646817642319 0.4899376960932802 0.67360564843519 0.4508220489991234 0.7709109219008141 0.5154410028039363 0.7969520911079429
0 0.7142141220717538 0.7138478444836659 0.6681764917281451 0.6670879470579226 0.5928451633634739 0.7414414532312548 0.6388827937070826 0.788201350656998
0 0.7722835212465488 0.6514518484556759 0.7496447893356997 0.5919430413167366 0.6492814292557935 0.630219562529013 0.6719201611666427 0.6897283696679523