0 0.3892538214355243 0.49059434192542645 0.3615244796345357 0.4270470914840452 0.25971408223182235 0.4714728579627775 0.287443424032811 0.5350201084041587
0 0.35813365203998476 0.6206767366883541 0.2838639507926298 0.5428369055693874 0.23680790930544968 0.5877347180761316 0.31107761055280464 0.6655745491950984
0 0.45783760911818444 0.7152249718909266 0.4427063963922283 0.6458298166353936 0.34115665701564973 0.6679721506803903 0.3562878697416058 0.7373673059359231
0 0.500941366176277 0.6232369060072459 0.4251252835794477 0.5499594372433272 0.37474656284772756 0.6020834709544833 0.45056264544455693 0.6753609397184022
0 0.5596040120483132 0.651067956390702 0.49088695297840035 0.6488035416936371 0.4872576870346958 0.7589390581947493 0.5559747461046086 0.7612034728918142
0 0.710095332998667 0.7491424975006615 0.681749707501993 0.6806701074638905 0.5887746373225521 0.7191591468915799 0.6171202628192259 0.787631536928351
0 0.7183931289467521 0.6483104860622202 0.6203967934337572 0.6002161248908591 0.5907267011224754 0.6606714516697761 0.6887230366354704 0.7087658128411372
0 0.7216479632837232 0.4752200096027372 0.6380693654135787 0.47320213251657356 0.6357828029860708 0.5679094280917484 0.7193614008562151 0.569927305177912
0 0.5606769304171492 0.5278871046972831 0.4475767356820194 0.4943614976557857 0.4295056228143141 0.5553252374588604 0.542605817549444 0.5888508445003579
0 0.5666416676241303 0.4272374841418378 0.5009222380051883 0.3993186225386165 0.46424276894224686 0.4856600292836538 0.5299621985611889 0.5135788908868753
0 0.6823067681154028 0.37799801734874255 0.660850051636537 0.30724290115502434 0.5569277012870725 0.33875768803150735 0.5783844177659382 0.4095128042252256
0 0.47725003607058264 0.3449182799478321 0.4111882994465307 0.3214962130037206 0.37475665322625745 0.4242513551150961 0.44081838985030936 0.4476734220592077