0 0.3628566405731995 0.584898765224598 0.36063320332578297 0.4749266488393909 0.29479233890149453 0.476254506130186 0.297015776148911 0.5862266225153931
0 0.4240904914449013 0.4006196984161081 0.3255013343728135 0.3524285319643054 0.29578874418879625 0.41306247517117706 0.39437790126088407 0.46125364162297977
0 0.5257269257409352 0.35988472699705454 0.4835085508711157 0.3017319235144466 0.39584455452236483 0.3652161313867761 0.43806292939218433 0.423368934869384
0 0.602960985814866 0.39952363411916275 0.5276113500542473 0.39658808483746943 0.5237704509374602 0.4949299105303862 0.599120086698079 0.4978654598120795
0 0.531836946351002 0.6193203399413959 0.5235163846303009 0.5129055652562492 0.4582103433803668 0.5179990810789054 0.4665309051010679 0.6244138557640522
0 0.7514506578609855 0.5112612996095784 0.6728191742815826 0.43835925966421796 0.6278546763336897 0.4867363921305848 0.7064861599130927 0.5596384320759452
0 0.6736396792358238 0.6024090560956417 0.6242382894698253 0.5474601487063713 0.5468287749243537 0.6168806961223563 0.5962301646903521 0.6718296035116268
0 0.37897277564926785 0.664200115143617 0.3165084394374101 0.6341210259350463 0.2682942935690719 0.7339957309514858 0.33075862978092974 0.7640748201600567
0 0.4810389102759141 0.6082370107274859 0.37687101199729256 0.5591866012358132 0.3479182588800285 0.6205196730000725 0.45208615715865 0.6695700824917452
0 0.47332309302570996 0.7137277508219825 0.3640789908837609 0.6955352801699558 0.3533313221951589 0.7599127896588368 0.462575424337108 0.7781052603108634
0 0.5879593396992933 0.8087269237573724 0.5366506161270149 0.7142881722446337 0.4721846149583864 0.7492251465117435 0.5234933385306647 0.8436638980244823
0 0.636948216454982 0.6870483877366873 0.5455862791518408 0.6272618016426027 0.5085107169300328 0.6837766901251314 0.599872654233174 0.7435632762192159