0 0.5269226186682784 0.37014793114993 0.42438822903927936 0.3677038887190769 0.4227767083462853 0.43548100874945156 0.5253110979752844 0.4379250511803047
0 0.5186579780379647 0.5207123646204964 0.4547257804169928 0.4324309975493389 0.3985522387073301 0.47321302433857526 0.46248443632830194 0.5614943914097327
0 0.3144014152126619 0.5152641438522301 0.21230355894164638 0.48820791484193177 0.19559264547075939 0.5514252177070946 0.2976905017417749 0.578481446717393
0 0.4402348451243181 0.6106217961486525 0.3923599089991457 0.5196553110196291 0.33090705339558035 0.5520784663748783 0.3787819895207527 0.6430449515039016
0 0.6321419131896018 0.5473716832819189 0.526405655789357 0.5341363813381991 0.5181962301144108 0.5998853994219264 0.6239324875146556 0.6131207013656461
0 0.6898133155482522 0.47907692765685367 0.6508184947517778 0.41889239529177225 0.5645877113849496 0.4749030675559449 0.603582532181424 0.5350875999210263
0 0.7177186963657917 0.617318479556061 0.6564068971415247 0.5836105481968061 0.6040492821877196 0.6790830339805739 0.6653610814119866 0.7127909653398288
0 0.5439412187500678 0.7456618411987106 0.5288632844483746 0.6378411247264818 0.4663712772345793 0.646602061030529 0.4814492115362725 0.7544227775027578
0 0.4658719751453617 0.781876288912865 0.4295221197200042 0.6818021433526534 0.368839673211364 0.7038989896199825 0.40518952863672153 0.8039731351801941
0 0.6482361507912162 0.8412444497651268 0.630248994060095 0.7392021683940047 0.5672478985204311 0.7503352880350036 0.5852350552515523 0.8523775694061259
0 0.5290385535268909 0.8585629321995517 0.4381310344486025 0.7968063940205736 0.39691888005497034 0.8576238985364555 0.48782639913325865 0.9193804367154336