0 0.474554415815401 0.30858720842006526 0.4090651750070111 0.28263517424873114 0.3702647037867155 0.3805470907655364 0.43575394459510536 0.4064991249368705
0 0.6050989044882069 0.4299424111264216 0.589060047248601 0.37005629083176983 0.4867683024982916 0.39745233323304957 0.5028071597378976 0.45733845352770136
0 0.698243010038153 0.45119952273347125 0.6006283957962699 0.41947874706403376 0.5784558702416978 0.4877104495713339 0.676070484483581 0.5194312252407713
0 0.47334527048854874 0.5028772957226098 0.4432056884618844 0.4152104231934175 0.3755660294373807 0.4384647151809158 0.4057056114640451 0.526131587710108
0 0.358418016922214 0.4094801104459523 0.24887965239113263 0.37818758443574024 0.23028649449630617 0.4432722665289278 0.3398248590273875 0.4745647925391399
0 0.5161602261447759 0.5763897998478063 0.4529694729343335 0.5405769347539856 0.4008693498295941 0.6325060784491466 0.4640601030400365 0.6683189435429673
0 0.426450065554456 0.6772329907870266 0.3427086514413897 0.6093256959620117 0.2992930487863869 0.6628646267980791 0.38303446289945314 0.7307719216230942
0 0.6416846371328025 0.5575941931667974 0.539152269179934 0.5425914954479861 0.5305703779315385 0.6012423892874778 0.6331027458844072 0.6162450870062891
0 0.7677438795292388 0.5951620390601985 0.6565296746788037 0.5729221017792964 0.6428053073269647 0.6415528979380941 0.7540195121773999 0.6637928352189961
0 0.6435651109517353 0.673931423754089 0.6137368075571188 0.607834023198251 0.5272742487211628 0.6468526746965811 0.5571025521157793 0.7129500752524192
0 0.5674388850441983 0.7872186414056568 0.5211423560468786 0.6970740660956638 0.46269529732221465 0.7270913570945876 0.5089918263195342 0.8172359324045805