0 0.5268802323555877 0.5895828210060542 0.4814710545155746 0.5142177126991558 0.43179334249963813 0.5441496548179219 0.47720252033965127 0.6195147631248202
0 0.637592514839691 0.5652791257482821 0.5925081558644713 0.4849223698114151 0.5406281268613135 0.5140297898902049 0.5857124858365332 0.594386545827072
0 0.5657431799744158 0.4517130516704672 0.5650630006825335 0.4070183270488565 0.474477186374181 0.4083968923169609 0.4751573656660634 0.4530916169385717
0 0.6541007901820165 0.423375682192808 0.6047010996337899 0.3651850777010772 0.570782085081133 0.3939799121462179 0.6201817756293597 0.45217051663794866
0 0.8129721139217997 0.24245294462681502 0.755695762037967 0.23487700172762505 0.7432636979526256 0.3288670550674546 0.8005400498364583 0.3364429979666446
0 0.6937993261541477 0.31557572307663423 0.684713274288905 0.26412040242427115 0.5932772842266543 0.2802662963283893 0.6023633360918971 0.33172161698075237
0 0.38465838755656107 0.3917563536344232 0.3269882093090063 0.3752178894826191 0.3020694882515423 0.46211030415271337 0.35973966649909717 0.47864876830451747
0 0.504976195187726 0.363236558929452 0.45723198153513367 0.30307518939617056 0.4140378002194724 0.3373541999519873 0.46178201387206474 0.39751556948526867
0 0.32310002414453876 0.2708582675798501 0.26091152427542585 0.24634442285071906 0.23978574648106268 0.2999378287042869 0.3019742463501756 0.3244516734334179
0 0.3827098443515428 0.17137785115226847 0.333808033875377 0.1425940288877043 0.27811202238655136 0.2372178690806721 0.3270138328627172 0.26600169134523627
0 0.5101984502914114 0.170510997832131 0.4665945630744429 0.12612756685227033 0.39698910973411705 0.19451048070394447 0.4405929969510855 0.2388939116838051
0 0.5946523512167539 0.16330823582104964 0.5894351838916467 0.09598600700771706 0.5348602742755362 0.10021531492337334 0.5400774416006433 0.16753754373670593
0 0.5833121254658794 0.2456858334295079 0.5750562380547622 0.1979186559116773 0.48774068894636813 0.21300992527566048 0.4959965763574854 0.26077710279349114