0 0.4526081941841645 0.4173719853911825 0.3594568625917578 0.4014051079129717 0.34989695226152434 0.45717796509061936 0.44304828385393097 0.47314484256883016
0 0.5503366065956139 0.36376322978003633 0.4817722163802717 0.36155171228522126 0.47973958389158566 0.42457007295629656 0.5483039741069279 0.42678159045111164
0 0.6745057019123352 0.40838585903040014 0.5809606355015318 0.3923515942223829 0.5721250097901709 0.4438992768786519 0.6656700762009743 0.4599335416866691
0 0.7822129636570825 0.5135791769353815 0.777121632132799 0.45869841789963134 0.6845532083535493 0.46728606396031225 0.6896445398778328 0.5221668229960623
0 0.8413119036517318 0.35177438746259976 0.7598157226336874 0.30030984316274323 0.7272124116302213 0.3519385007458139 0.8087085926482658 0.4034030450456705
0 0.6738945972688921 0.3582640242887634 0.6563485823390135 0.29538259062554 0.5629516412906581 0.32144344876080655 0.5804976562205367 0.38432488242402996
0 0.609232850998048 0.2554385985273355 0.5569101382665687 0.22505368949790683 0.5117508939343466 0.30281775869676614 0.564073606665826 0.33320266772619483
0 0.5295352791027759 0.2781251501486565 0.44176830149663476 0.21031409411987942 0.40311828398632854 0.26033831465206597 0.49088526159246965 0.3281493706808431
0 0.3670416677477998 0.3057096621406401 0.30545135805197454 0.2881101332704494 0.2838554418601734 0.36368597261413665 0.3454457515559986 0.38128550148432744
0 0.39441300289019543 0.22708800160098314 0.37596087562321595 0.15175149491968154 0.3119232801102152 0.1674361863704802 0.3303754073771948 0.24277269305178178
0 0.5322515614832286 0.1924773106273825 0.4793370611912051 0.10427496244167037 0.43100049191632456 0.13327311795138283 0.4839149922083481 0.22147546613709496
0 0.7041763852492255 0.17459699337765325 0.6929511888294043 0.1234530782804708 0.59663930774377 0.14459185462745938 0.6078645041635914 0.19573576972464185