0 0.35259860779181357 0.2199280741227306 0.2798162651377464 0.16496353390536256 0.24818417203930612 0.2068497723720413 0.3209665146933733 0.26181431258940935
0 0.4387411920375631 0.20479290075679854 0.41962079686199416 0.15149051045413708 0.3313541125154492 0.18315314089078524 0.35047450769101823 0.2364555311934467
0 0.5356109975491721 0.1177950802597701 0.4558197553249607 0.08862146970090634 0.43557520528367966 0.1439912976076972 0.5153664475078911 0.17316490816656094
0 0.6560370046866022 0.1337018260507576 0.5733827170429149 0.08951630865236458 0.5466671529640077 0.13949096206723355 0.6293214406076952 0.18367647946562654
0 0.5879975206136819 0.25255935846103506 0.5540250585355824 0.21420716881227234 0.48610062846598734 0.2743747927693123 0.5200730905440868 0.31272698241807506
0 0.6836942831212103 0.2510779136742443 0.6211225550305725 0.23617189430824392 0.6005402152314864 0.3225713908978618 0.6631119433221242 0.3374774102638622
0 0.7516672311391165 0.222856049891943 0.6975137803351754 0.22050302862332335 0.6931431368242013 0.32109091174600507 0.7472965876281423 0.32344393301462476
0 0.6720687102989602 0.46149978583046575 0.6637494409395617 0.36993038045896676 0.6035405321493162 0.3754004840162561 0.6118598015087147 0.4669698893877551
0 0.6108596711437543 0.4681734131672033 0.5476837131249439 0.42587474711527445 0.5173808901563264 0.47113409097653397 0.5805568481751368 0.5134327570284628
0 0.5084698055409675 0.4726714361426384 0.47959401186497447 0.3886986584116219 0.4259572184038044 0.4071427902276227 0.4548330120797975 0.4911155679586392
0 0.41329503304944315 0.30728471606046964 0.33385514790007037 0.2585681018720759 0.30200594366280936 0.3105030971269331 0.38144582881218214 0.3592197113153268
0 0.5564432902001023 0.37953417961736885 0.5113456545373648 0.2921937446936082 0.45536052580771685 0.32110128265337473 0.5004581614704543 0.4084417175771353
0 0.4339749578286563 0.44977431985872696 0.3483638189908819 0.4274779872729266 0.3345970662289774 0.4803381326582406 0.42020820506675166 0.502634465244041