0 0.5491621595148727 0.35463948333083123 0.49012369929052824 0.33165191124156035 0.4573180854350084 0.4159058255402474 0.5163565456593527 0.43889339762951823
0 0.5686781699597849 0.3221338708314412 0.5615582400504722 0.24376608523484747 0.505650752462265 0.24884543499576653 0.5127706823715779 0.32721322059236024
0 0.7419811756300974 0.24860070655652775 0.6978241725578287 0.2130819931568102 0.6373873001040467 0.28821734878152117 0.6815443031763153 0.32373606218123874
0 0.6304170816994938 0.21729227285100605 0.5552730522691244 0.15931358456196917 0.5209689345368859 0.20377388037969313 0.5961129639672553 0.26175256866873
0 0.5713929233667362 0.11211850157608433 0.5226859526477629 0.08132174251421564 0.4744276992838951 0.15764514163620358 0.5231346700028686 0.18844190069807226
0 0.69365266609851 0.08199227962438627 0.641996945134903 0.05254206487568239 0.5964073856150112 0.13250622084221653 0.6480631065786181 0.1619564355909204
0 0.3713797572839143 0.40658890221158234 0.31154151233910343 0.3322614308457519 0.2646169244540986 0.370038647427992 0.3244551693989095 0.44436611879382243
0 0.4451476262592302 0.2951558257129552 0.367013818405558 0.2580852125086389 0.34222176334155147 0.31033947806373924 0.42035557119522365 0.3474100912680555
0 0.3577441635108512 0.21528932134000595 0.30031116615826386 0.16419194433672196 0.2696417896014641 0.19866405084972316 0.32707478695405146 0.24976142785300717
0 0.4536368785877488 0.14884548029170247 0.37530487283739955 0.12091657443577018 0.35665661374007 0.17321921551956862 0.4349886194904192 0.20114812137550092
0 0.3242685548262717 0.07825393958442653 0.28257424063873715 0.0436373417529886 0.21717880881621227 0.12240353634307642 0.2588731230037469 0.15702013417451435