0 0.46807842649357684 0.4049395678125734 0.37986813133214 0.3490574493891042 0.34433436817716767 0.40514773058324566 0.4325446633386046 0.4610298490067149
0 0.5414875321338305 0.4550675224705177 0.4477626125187745 0.4550675224705177 0.4477626125187745 0.5096210122428462 0.5414875321338305 0.5096210122428462
0 0.6986318313323888 0.5321567193206107 0.6399677577893201 0.5165173915674592 0.6224746452435816 0.5821351250837603 0.6811387187866503 0.5977744528369117
0 0.6710207786352744 0.41167000119587893 0.6238351347128013 0.3951596074855344 0.597597445796522 0.4701452358280305 0.6447830897189951 0.4866556295383751
0 0.7633312440818932 0.33323004927137395 0.7323161996579701 0.28361984201415863 0.6612128831726345 0.32807183367884185 0.6922279275965574 0.3776820409360572
0 0.6561312931245308 0.32487628008976954 0.6427926967431115 0.2715368514175243 0.5761604028013131 0.2881995959759453 0.5894989991827324 0.3415390246481905
0 0.5087947805135571 0.2943468527552454 0.41346589938329337 0.24760389161220495 0.3857841697486426 0.3040587727171138 0.4811130508789063 0.35080173386015423
0 0.6017843711091502 0.20620723571856436 0.5447860658150724 0.20355539542473491 0.5410938162624571 0.28291612001723215 0.5980921215565349 0.28556796031106163
0 0.6647852997120379 0.1526856183021361 0.5850182089974039 0.10989582674413051 0.5571591942810007 0.16182953507012704 0.6369262849956349 0.20461932662813262
0 0.5271422568183923 0.14586014902122507 0.4393133950336748 0.12077312057527351 0.4251657447305408 0.1703035791439124 0.5129946065152583 0.19539060758986398
0 0.39319119472846376 0.14949920005951195 0.3338051397486288 0.14949920005951195 0.3338051397486288 0.2505241657041907 0.39319119472846376 0.2505241657041907