0 0.471148063969672 0.392116028179307 0.4219861246691723 0.30910125829923574 0.36302434832540337 0.3440188431320267 0.41218628762590315 0.42703361301209797
0 0.5887640376044512 0.4320891373670045 0.5723017531179333 0.34217610296592893 0.5095321336400382 0.35366866730700314 0.5259944181265562 0.44358170170807876
0 0.7359312149334221 0.4023673535891471 0.6984192798416929 0.3535378802760531 0.6173616120044877 0.4158082626555577 0.6548735470962169 0.4646377359686517
0 0.7370310624713612 0.3189414278825173 0.6524767369996803 0.2497172030692107 0.6129618346517763 0.2979829066306049 0.6975161601234573 0.3672071314439114
0 0.4608491324661334 0.3000893082039616 0.4207266759975089 0.21285686969315826 0.36519026040457986 0.23840077807277754 0.40531271687320436 0.3256332165835809
0 0.34568869997637214 0.2479061185674995 0.28825838708595225 0.2454023992405551 0.28459249565775585 0.3294906153109113 0.3420228085481757 0.3319943346378557
0 0.33606061642553464 0.1419840546996541 0.28748882762208466 0.11557191121324654 0.2480688021761747 0.18806512447973964 0.29664059097962464 0.21447726796614722
0 0.4894548852498868 0.04378110223949173 0.4271652942651589 0.030037498645461437 0.4051572411051935 0.12978372752387976 0.46744683208992127 0.14352733111791005
0 0.6158130161424231 0.09694631277218098 0.6026283648854635 0.01056771476017878 0.5392838049748507 0.020236497892442362 0.5524684562318105 0.10661509590444455
0 0.6897652924396052 0.18307676145529517 0.6482481473188304 0.08895375453990097 0.5964646230997668 0.1117951847101093 0.6379817682205414 0.2059181916255035
0 0.7499758570874911 0.10778913977157578 0.688107440395331 0.10778913977157577 0.688107440395331 0.19820169765051246 0.7499758570874911 0.19820169765051246