0 0.3645612919670065 0.33148833380280424 0.30764619640796953 0.32259418055444605 0.2943671483461352 0.4075689126360923 0.35128224390517215 0.4164630658844506
0 0.4891708785957603 0.3250571080368999 0.4392648851076337 0.2873454333949516 0.3955318158938658 0.3452198791234994 0.4454378093819924 0.3829315537654477
0 0.5953046835827989 0.3060234126480223 0.531655339307979 0.2856583008126707 0.5060779785915097 0.36559806500575553 0.5697273228663295 0.38596317684110715
0 0.5232016151715299 0.40584257366724263 0.4512764915777331 0.3852898553024112 0.4346049756021537 0.44363254388278595 0.5065300991959505 0.46418526224761736
0 0.6843005991624499 0.4490857866116441 0.669655346195397 0.3871333350663265 0.5921355432769982 0.4054586328612908 0.6067807962440512 0.4674110844066084
0 0.8326905233724492 0.3069103287605024 0.7644780685045469 0.29700981613355953 0.7546896404561289 0.36445003177081864 0.8229020953240311 0.37435054439776144
0 0.7736038617420891 0.251566636985661 0.73664617808862 0.20132071196437087 0.6633237834702476 0.2552519683572511 0.7002814671237167 0.3054978933785412
0 0.5213699894199719 0.25133112751909564 0.5109894117881052 0.15198675287111138 0.4505979355896061 0.15829710923706466 0.4609785132214728 0.2576414838850489
0 0.7136205733244092 0.1743718394149604 0.6210210947302898 0.11881944565652944 0.5966760089648004 0.1593999156542115 0.6892754875589199 0.21495230941264246
0 0.6601913886418281 0.11816348297971335 0.6499815144112319 0.05859833456894831 0.5645314811617155 0.07324505527316744 0.5747413553923119 0.13281020368393248
0 0.4679774969835548 0.141845834850228 0.4537044203295906 0.05102889647473907 0.399707135219066 0.059515280218506536 0.41398021187303025 0.15033221859399545
0 0.3563767859901818 0.26181086690662503 0.3407638556178962 0.1915434699577063 0.27787177154456805 0.20551765673907554 0.29348470191685366 0.2757850536879943