0 0.7312743206450614 0.48183545907672043 0.7218201514681106 0.4428613199118195 0.647137070555396 0.4609776015471188 0.6565912397323468 0.49995174071201975
0 0.5643887173078358 0.4483783903947054 0.543155697371683 0.362542897984203 0.48782167403820714 0.37623080711820456 0.5090546939743599 0.462066299528707
0 0.7010680809805268 0.3545849315424322 0.6488247283387805 0.3150541136626358 0.5948929202118707 0.3863296050817282 0.647136272853617 0.4258604229615246
0 0.8203340727573811 0.24231397064020269 0.7837544402015799 0.19612772860013508 0.7036195256479515 0.2595948045038053 0.7401991582037525 0.30578104654387284
0 0.7154178802044261 0.2788175826221034 0.6215530083682 0.25627587664645535 0.6094683230766951 0.3065971538955538 0.703333194912921 0.32913885987120184
0 0.6036183791350372 0.2948589343793193 0.6027117800348581 0.23370093983659038 0.516761966082978 0.23497505002564995 0.5176685651831572 0.29613304456837886
0 0.46569823063507004 0.3161738877535512 0.46269991912436637 0.22316790343974438 0.40787711452499703 0.22493527192997764 0.4108754260357007 0.31794125624378444
0 0.4951889855553571 0.12051150288818575 0.39540519840859556 0.11112601650270794 0.39005035272664024 0.16805719297948032 0.4898341398734018 0.17744267936495817
0 0.5311798601595421 0.048621549437103 0.46045872038908425 0.01366510119485548 0.4343580234338462 0.06646998070337706 0.5050791632043041 0.10142642894562458
0 0.6199776774562487 0.06642553637848829 0.5381670497374593 0.06445296676287122 0.5370151530224239 0.11222689199125153 0.6188257807412132 0.11419946160686861
0 0.7205228977804328 0.1686630887685074 0.6915716381201138 0.12672637235661963 0.6215931412182627 0.1750364406639709 0.6505444008785817 0.21697315707585868