0 0.4340105256672108 0.4007119748399228 0.3717685580339708 0.38688423550213374 0.35630291909847533 0.4564987816354861 0.41854488673171536 0.47032652097327504
0 0.622457342436609 0.4439580075749189 0.6181896999110534 0.3863601704285831 0.5210989620550974 0.39355399197189805 0.5253666045806531 0.45115182911823376
0 0.7265661394316701 0.44564646007739617 0.6893756728700818 0.41053202511489323 0.6268132180536609 0.47679329021414907 0.664003684615249 0.511907725176652
0 0.802512147896605 0.323755380825446 0.717252795928343 0.309541534372857 0.707130564115361 0.3702580285129902 0.792389916083623 0.3844718749655792
0 0.8498780309840998 0.2647237761401701 0.784949704934138 0.18610406291145468 0.7353608711475536 0.2270571500737812 0.8002891971975157 0.30567686330249666
0 0.6118412016935628 0.29891866397907396 0.6095954405903703 0.24054541501510954 0.5054434253578435 0.2445523967880912 0.507689186461036 0.3029256457520556
0 0.44328778311787753 0.28887640210752574 0.44121488620130905 0.19349494272267082 0.38137960205085014 0.19479532517453735 0.3834524989674186 0.2901767845593923
0 0.3764987423020459 0.3400489041811027 0.31910820194502276 0.2605629327611419 0.2677943529141895 0.2976126092143466 0.32518489327121264 0.37709858063430746
0 0.6568982820624429 0.19885497467789734 0.621823385049249 0.12429989756790132 0.5637335466670804 0.151628621214201 0.5988084436802744 0.22618369832419705
0 0.769679457142856 0.16555993941548364 0.7655138416545822 0.10586943355478423 0.6653882584339686 0.11285688782782369 0.6695538739222425 0.17254739368852315
0 0.5359200388547244 0.188189929384767 0.5199671760930314 0.10206871699930573 0.461961616301559 0.11281351156428272 0.47791447906325196 0.19893472394974399
0 0.3529690738517017 0.12088029473303885 0.30760545107542797 0.08425072194757931 0.25062100625322165 0.15482268504882787 0.29598462902949535 0.1914522578342874