0 0.29280542625345074 0.39716945416855104 0.24859195077067384 0.32876313091325926 0.20616356459388738 0.3562548143794573 0.2503770400766643 0.42466113763474905
0 0.37639368463344974 0.4265115310343043 0.3585403414891809 0.3396977764366966 0.3125028138627398 0.34918915773557574 0.3303561570070086 0.4360029123331834
0 0.47707061829212466 0.5062869179863453 0.47156522414408836 0.4632854684161753 0.3957982057909686 0.4730100725965486 0.4013035999390049 0.5160115221667185
0 0.6032055692894466 0.4609390287801416 0.5188217500035597 0.43857120639965586 0.505955722514806 0.48723056308676843 0.590339541800693 0.5095983854672542
0 0.5766169117505329 0.39562889138410573 0.5571422587954794 0.31666815723587716 0.5032144568995842 0.33000207227762207 0.5226891098546376 0.40896280642585064
0 0.46253827550756854 0.35469202670862404 0.4160847294624922 0.2849336060246085 0.3676354509373209 0.31727777233689397 0.4140889969823973 0.3870361930209095
0 0.5082814308180942 0.28224376911067983 0.45698396121784024 0.21892920953287784 0.411845573533111 0.255591940351354 0.4631430431333649 0.31890649992915604
0 0.6283379414755267 0.2396385484690193 0.626136918088128 0.1845546500716235 0.5211231553459941 0.1887612636950594 0.5233241787333928 0.24384516209245521
0 0.7182472813986487 0.25437765497328635 0.6856411725928537 0.1695067380535952 0.6331382832826712 0.18972806720914673 0.6657443920884663 0.2745989841288379
0 0.46398382489477996 0.12187361890606452 0.4046607397830217 0.1218736189060645 0.4046607397830217 0.19260728918888897 0.46398382489477996 0.19260728918888897
0 0.35283001244893336 0.26480560933737335 0.3213417667125874 0.16691680836757944 0.2650556399299656 0.18506792038774914 0.29654388566631157 0.282956721357543