0 0.4652627569672182 0.584051754626614 0.38312115591934437 0.5347602756885308 0.3542071006291945 0.5829439951769039 0.4363487016770684 0.632235474114987
0 0.3353935906720489 0.5664156549916214 0.3337664029955981 0.5110875270237664 0.23273016671063707 0.514058979783805 0.23435735438708785 0.56938710775166
0 0.4694637383250804 0.48568364207318665 0.4664666365942342 0.39875497179988634 0.40927130923632654 0.40072693587205904 0.41226841096717276 0.4876556061453594
0 0.36062754037171996 0.42938622674356036 0.30359708153162435 0.3453522875596377 0.25685253468818176 0.37707593375119813 0.3138829935282773 0.4611098729351208
0 0.7701133324070314 0.4931496737092906 0.7222158491628919 0.46837185924030017 0.6836723500897027 0.5428795041070031 0.7315698333338422 0.5676573185759936
0 0.6350285676230595 0.4389048509374089 0.5809498564013336 0.3532691171588457 0.531283976807603 0.3846329724282766 0.585362688029329 0.47026870620683975
0 0.511847647944807 0.3420584313940741 0.49115927730892006 0.28475973324325843 0.39295855879823505 0.32021626064833225 0.41364692943412196 0.377514958799148
0 0.6380151753185617 0.2111161743687224 0.5809311416202997 0.20343078864020567 0.5675215425498515 0.30303203602813333 0.6246055762481136 0.31071742175665007
0 0.5292872713481843 0.2525030131620085 0.508920681487701 0.2056659871539898 0.4546974612221329 0.2292443861726295 0.4750640510826161 0.27608141218064824
0 0.41867339645743495 0.22668416629986024 0.35490251842003867 0.17027872294261256 0.3172275724128551 0.21287327133881595 0.38099845045025144 0.2692787146960636
0 0.8460312329649967 0.332710393602597 0.820883098235995 0.2836291573147798 0.7502644520633871 0.319812582237376 0.7754125867923888 0.3688938185251932
0 0.5903004561111668 0.6176575533456453 0.5185728272324729 0.5674547129865648 0.48505725510822656 0.6153403007698508 0.5567848839869204 0.6655431411289312