0 0.5075334820220868 0.5732490930843522 0.5038236031345175 0.5102214509782022 0.44842502492401515 0.5134822744651154 0.45213490381158455 0.5765099165712656
0 0.5019706299618496 0.4167995971384646 0.4594075180877886 0.384050674596214 0.4077980674073183 0.4511264332028582 0.45036117928137925 0.48387535574510887
0 0.6940431897421132 0.35661391083876964 0.6669657252889937 0.3089020037166864 0.5644587648201601 0.3670767602023158 0.5915362292732798 0.41478866732439906
0 0.6139540823936921 0.24481913092521201 0.5341291757364403 0.21392405477172843 0.5173629091361711 0.2572437624076063 0.597187815793423 0.2881388385610899
0 0.6496626024904825 0.08765473254930803 0.6091219744699049 0.04815243927664455 0.5336772738517759 0.12558023625976317 0.5742179018723534 0.16508252953242666
0 0.4758163336173772 0.18174626188604018 0.4383448803378014 0.09663729071319306 0.3849630102234516 0.12014005692456997 0.42243446350302744 0.20524902809741713
0 0.38439499866430515 0.19951590389699755 0.31039145950732583 0.18235798302782616 0.29878191483974426 0.23243091435517335 0.3727854539967236 0.24958883522434475
0 0.30432226194746925 0.1619283576905083 0.2119698041331905 0.11572315179511737 0.18752766466436688 0.16457677359902798 0.27988012247864563 0.21078197949441893
0 0.29649321549082885 0.2861784013853936 0.21899594919357995 0.24275270407906474 0.19351005006451613 0.28823470285268116 0.271007316361765 0.33166040015901
0 0.3558308541605425 0.412281604226765 0.3550316672791018 0.3590897871276923 0.26390866136112506 0.3604588757375334 0.26470784824256577 0.4136506928366061
0 0.4608658392594657 0.3504690062509896 0.4536432096728223 0.2710705669801798 0.398325641778147 0.27610263443901867 0.40554827136479044 0.3555010737098285