0 0.47154629166804735 0.47803260681046167 0.36586118409162544 0.4608966390502481 0.356746057011231 0.5171136674401428 0.46243116458765293 0.5342496352003564
0 0.5762298657463102 0.43421013510872525 0.5231844537164406 0.40696713588762856 0.47893126407446773 0.49313344449202706 0.5319766761043374 0.5203764437131237
0 0.6570059802385955 0.36695470348072606 0.6115105313918473 0.33784144507029806 0.5591596735854775 0.4196504181449157 0.6046551224322257 0.4487636765553437
0 0.4875030069114499 0.3606995798124397 0.40344725222564876 0.3046697762777477 0.36803089213147305 0.3578013007189639 0.4520866468172742 0.413831104253656
0 0.5526251707375727 0.3154159321122009 0.47009249862552915 0.25269936526411907 0.43592421822966704 0.29766355294637736 0.5184568903417106 0.3603801197944592
0 0.3926539023888232 0.2501155898293025 0.35911542946774 0.1990721028143954 0.27249749413405416 0.2559850107789424 0.3060359670551373 0.3070284977938495
0 0.46535920608537135 0.1498147957143495 0.37314335589413383 0.12931983933611235 0.3591192458699578 0.1924204971363945 0.4513350960611953 0.21291545351463162
0 0.6150958840544375 0.23255883688653806 0.6014983602326912 0.12152639906319701 0.5421895581947619 0.1287896174916088 0.5557870820165083 0.23982205531494985
0 0.7269073730654931 0.14104662957871444 0.6928785860317663 0.10053085026111418 0.6297242782105654 0.1535735049331053 0.6637530652442921 0.19408928425070557
0 0.6825055269462306 0.26828867256690775 0.5897388926116381 0.22897565471484882 0.5655522354887034 0.28604872871651676 0.6583188698232959 0.3253617465685757
0 0.8193100112872409 0.2982185114651028 0.7551186205030024 0.23660287973714386 0.7155758700294943 0.27779866199472963 0.7797672608137328 0.3394142937226886
0 0.7748617847633048 0.37054440131648875 0.7092535697251247 0.3126622530965282 0.6739430431290202 0.3526860029619436 0.7395512581672004 0.4105681511819042