0 0.3823154089787222 0.3237999585347585 0.3693011047042961 0.2319918171300197 0.30761771094486323 0.2407357742865585 0.3206320152192893 0.3325439156912974
0 0.43238093346452283 0.19062722092685386 0.3756741193120032 0.1298317172668896 0.33467462796182895 0.16807386341878042 0.3913814421143486 0.2288693670787447
0 0.5280245337976085 0.16264057364969325 0.44475834639991574 0.12504569299611398 0.4229273789151939 0.17339752702388672 0.5061935663128867 0.210992407677466
0 0.6260682201546831 0.14629100682655777 0.5942026936684206 0.11136360634919588 0.5232560367039565 0.17609079891762716 0.5551215631902191 0.21101819939498906
0 0.45761974918134035 0.4186128557337053 0.36701654078808305 0.3708970322271065 0.33914862953016045 0.42381285732728907 0.42975183792341787 0.4715286808338879
0 0.5591180355539487 0.3698677929647028 0.5485011863035265 0.3136255715211045 0.4574178157585508 0.3308193876520358 0.4680346650089729 0.3870616090956341
0 0.5516974616430667 0.46089378792251595 0.5183624612938452 0.4146242118927856 0.4507147235997483 0.46336114776200105 0.48404972394896967 0.5096307237917315
0 0.7114101404683401 0.4964042176845414 0.6860698474480467 0.448242215297349 0.612663186203397 0.48686490981545544 0.6380034792236904 0.5350269122026479
0 0.6782769596602651 0.3509223182971137 0.5842107488715239 0.3509223182971137 0.5842107488715239 0.41006295319555824 0.6782769596602651 0.41006295319555824
0 0.5988445441579279 0.3125921376285705 0.5504158681797131 0.22487501617332856 0.49729585877560234 0.25420260559615343 0.545724534753817 0.3419197270513954
0 0.7158896135747383 0.34512030878094596 0.6975177529568807 0.24995956702820998 0.6418498737445861 0.26070688255920316 0.6602217343624438 0.3558676243119392