0 0.31009268606737006 0.3839259883251617 0.25170705630331974 0.3547293000970737 0.21083461900020098 0.43646333011074173 0.2692202487642513 0.46566001833882975
0 0.44369926014436656 0.4193612707830878 0.4036305749794838 0.38657354609731753 0.34389864278521165 0.4595697667353763 0.38396732795009436 0.4923574914211466
0 0.5888914924950834 0.40284220861106473 0.5537245082373389 0.3556608089787495 0.47471681268489474 0.41454974418173324 0.5098837969426393 0.46173114381404834
0 0.4008858032922302 0.35729295567095853 0.3436391830812389 0.3175435312136766 0.32018370868353263 0.35132380987298534 0.37743032889452394 0.39107323433026725
0 0.5921444295296516 0.31497200742859843 0.5043714779672404 0.275080364250459 0.4803178054231533 0.3280052795186078 0.5680907569855647 0.3678969226967473
0 0.37825467390015566 0.289243010822646 0.367729117766443 0.23029213649566718 0.25579519179546273 0.25027770642189984 0.26632074792917537 0.3092285807488786
0 0.6302540818533292 0.2996172896969579 0.6223141522657901 0.23608925685069762 0.5553561289764858 0.2444578772284837 0.5632960585640249 0.30798591007474396
0 0.5216418438078725 0.21787358769175272 0.4236080871296396 0.17186385108137867 0.39777920208031514 0.22689791166812395 0.49581295875854803 0.272907648278498
0 0.7180203382012474 0.19019137025180533 0.7162562621184201 0.12932308534992573 0.601683790662293 0.1326436086236136 0.6034478667451202 0.19351189352549317
0 0.4998004259539106 0.08829909067797098 0.4388791355980546 0.04429486597673212 0.401194333139734 0.09646728369692865 0.46211562349559 0.1404715083981675
0 0.3980859321020552 0.1279565250566125 0.3505685591810258 0.08269594275933768 0.2852951452495797 0.15122403042815202 0.332812518170609 0.1964846127254268