0 0.2886748098418528 0.5178585635511644 0.2877914981339771 0.4347700600508238 0.22688447263675157 0.4354175610461133 0.22776778434462727 0.518506064546454
0 0.45714667575862694 0.5042860613186787 0.3804999527766572 0.4545764658651758 0.3503214428049961 0.5011084054777223 0.4269681657869659 0.5508180009312252
0 0.4220486998505467 0.4119172455152908 0.4194039265325806 0.3451791895993595 0.34786459882393495 0.3480142333013726 0.35050937214190103 0.41475228921730384
0 0.5766987460231809 0.4059359549258153 0.5117806179514978 0.34097708875405436 0.4679056147596035 0.3848245763137296 0.5328237428312868 0.4497834424854906
0 0.4759864646983483 0.32639405488310347 0.43223320838047175 0.2365648728599309 0.3796644951662944 0.262169607666127 0.423417751484171 0.35199878968929954
0 0.5531196157943872 0.16333475065912292 0.48858234921860455 0.1486208179984453 0.46970145825388243 0.23143491817677528 0.5342387248296651 0.24614885083745297
0 0.7029041803019904 0.2144605268286851 0.6633835560230633 0.16843437157825797 0.585029411147686 0.23571361103390767 0.624550035426613 0.28173976628433484
0 0.26058949792950287 0.3011643400408077 0.19678285262492523 0.23022357791257567 0.15913596561855672 0.2640845274424779 0.22294261092313436 0.3350252895707099
0 0.40608818908921956 0.175872942450156 0.3338450284647105 0.10511902278716093 0.30474506904766163 0.13483148327480324 0.37698822967217077 0.20558540293779828
0 0.2924997116314646 0.04159206685471695 0.2307400315027506 0.03874340636236752 0.22593033845599636 0.14301876837290087 0.2876900185847104 0.14586742886525028
0 0.3523623828727091 0.3349369564585747 0.3505873017196972 0.23027601527228536 0.2899090236378403 0.2313051371834729 0.2916841047908522 0.33596607836976217
0 0.5328282163440553 0.07983090316450966 0.526109557297762 0.02940933909538566 0.45074338493484833 0.03945186008970499 0.45746204398114165 0.089873424158829