0 0.4315127044894102 0.37771433562219137 0.4107827877367824 0.3202144031353008 0.31861157424647396 0.3534440348931886 0.33934149099910177 0.41094396738007904
0 0.6306861943779856 0.40402141038782224 0.6103217059205317 0.3099720405475858 0.5512696986259958 0.32275855812853166 0.5716341870834498 0.4168079279687681
0 0.3322192913861893 0.3245363989076694 0.327828881253609 0.2454603822149731 0.27492477126379167 0.2483976917845368 0.27931518139637196 0.3274737084772331
0 0.5677392757001544 0.3069990543105858 0.5253181464786925 0.27299947418851317 0.47068125282488427 0.3411696903389995 0.5131023820463462 0.3751692704610721
0 0.4919884358650991 0.2878234310762443 0.4390677947807174 0.2704357608894224 0.42148610440585 0.3239469165524888 0.4744067454902317 0.3413345867393107
0 0.46860722119466797 0.1872430341067146 0.3968557128381622 0.1872430341067146 0.3968557128381622 0.2551086760154911 0.46860722119466797 0.2551086760154911
0 0.6617299974967737 0.24747234723793204 0.5689571112308125 0.20032015389700136 0.5422441480569838 0.25287844480053745 0.6350170343229451 0.30003063814146813
0 0.7429746321700971 0.14179634104845573 0.6482341402114716 0.1350334069982466 0.6449471930863394 0.18107954398037276 0.7396876850449648 0.1878424780305819
0 0.573927364176029 0.1250467882470557 0.5343118461151516 0.10840389382318563 0.4992395478831795 0.1918874050838478 0.5388550659440569 0.20853029950771787
0 0.6132258860859883 0.10053074094830879 0.6047878332477461 0.04670480827925514 0.5180871758394174 0.06029648597149196 0.5265252286776597 0.1141224186405456
0 0.3518640609534047 0.19592636930597063 0.30769796512126374 0.10521290213367471 0.25080169004123937 0.13291426132550646 0.2949677858733803 0.2236277284978024
0 0.37737621153486134 0.08571262252229984 0.3136633765484336 0.026422466777019833 0.2780289830259681 0.06471496585717293 0.34174181801239584 0.12400512160245293
0 0.45837105518757637 0.07186089675751091 0.40941792743258554 0.06295474269719482 0.3901046306879709 0.16911125834987997 0.4390577584429618 0.17801741241019609