0 0.4297461823221589 0.41981116549065967 0.36868570106732423 0.33433763579460374 0.3198764958402442 0.3692058993544392 0.38093697709507884 0.45467942905049513
0 0.6206717849761173 0.3487457165934559 0.5195023694789299 0.3150181751362657 0.49853074616940074 0.37792483185019443 0.5997001616665881 0.4116523733073846
0 0.6979507365530909 0.4277862505101622 0.6893386439872948 0.37072332866245783 0.5991691326820092 0.38433195844917384 0.6077812252478054 0.44139488029687823
0 0.5497575998856954 0.28502580644642056 0.522529784462793 0.22880616208953203 0.4246224984149192 0.2762237781837571 0.45185031383782165 0.3324434225406457
0 0.6349753723705663 0.2834478104489969 0.6070738926139763 0.22207254697035236 0.542342518508427 0.2514997302011124 0.5702439982650169 0.3128749936797569
0 0.735847557617041 0.1596936137651728 0.6895446815803851 0.11759459428369873 0.6161007419088773 0.19837238141838356 0.6624036179455333 0.24047140089985763
0 0.38141906706668555 0.25032839357302067 0.34783851134127625 0.19239435914468347 0.2586146173575087 0.24411159191683102 0.292195173082918 0.3020456263451682
0 0.4856602577447258 0.21796051722383544 0.4268371995654232 0.1434610270211284 0.3722667739446102 0.18654856107576745 0.43108983212391294 0.2610480512784745
0 0.5647750901144992 0.141364345574183 0.5143425652827014 0.0923263017616748 0.4441183962587256 0.16454741567141593 0.4945509210905235 0.21358545948392413
0 0.5105121928067441 0.054150401961390794 0.4597121956894451 0.007974711279943297 0.39839449978059416 0.0754331234756177 0.44919449689789315 0.12160881415706519
0 0.34984172050706086 0.1336647022340768 0.3447435668724962 0.07631817990617466 0.2331649116830464 0.08623761535583137 0.238263065317611 0.14358413768373351