0 0.37733839796111923 0.32295787027448547 0.2823621146726784 0.25963194701953335 0.24480678889067914 0.3159574623397055 0.3397830721791199 0.3792833855946577
0 0.44044249712670364 0.41262082025974145 0.36022082487130824 0.3489069777114373 0.32032198838953746 0.3991433353943946 0.40054366064493285 0.4628571779426988
0 0.4276235471567564 0.532512102635012 0.35869116996237865 0.4555476546297996 0.31751081130566355 0.4924303984095277 0.3864431885000413 0.5693948464147401
0 0.2982428735145444 0.5958298230623966 0.23878793873172593 0.5731400874175989 0.20587876044885328 0.6593734873652507 0.2653336952316717 0.6820632230100485
0 0.4546703612904683 0.6146392748316798 0.3845948647499526 0.6146392748316798 0.3845948647499526 0.721928361342697 0.4546703612904683 0.721928361342697
0 0.6591794637282665 0.6267595089678719 0.6212777300682057 0.578204294536965 0.5331760494013054 0.646975619610448 0.571077783061366 0.6955308340413551
0 0.6047547416452054 0.533128599494366 0.5856442296131105 0.4723144015159516 0.47985075449686065 0.5055593927570406 0.49896126652895567 0.5663735907354549
0 0.7172897137413827 0.7343606450543393 0.6885622102387738 0.6784945305147568 0.5896575171746359 0.7293533550426621 0.6183850206772448 0.7852194695822445
0 0.5359049664134183 0.7620551386764944 0.4266915169619823 0.7584151517179696 0.42437048404201005 0.8280549648186286 0.5335839334934461 0.8316949517771535
0 0.8261549693098776 0.6618250270675406 0.7205269735627673 0.6153160325807192 0.6961974022206202 0.670571664026063 0.8018253979677306 0.7170806585128843
0 0.8182911934824187 0.4343421629281268 0.7037982796771307 0.42641675640350624 0.6991465807537527 0.49361666119425457 0.8136394945590407 0.5015420677188751
0 0.686801060570336 0.43505522516282746 0.6297450099746421 0.35138396125117377 0.5749195967035319 0.38876981401932587 0.6319756472992257 0.47244107793097956
0 0.5585445751855853 0.3287154771594935 0.5537776823768463 0.2655449916332167 0.44919039195857774 0.2734372279905415 0.4539572847673167 0.3366077135168183