0 0.30050813655382 0.44645419566186517 0.209963508048613 0.3993507824754352 0.17948776416386059 0.4579328410099898 0.2700323926690676 0.5050362541964197
0 0.31432011465651477 0.6163896212300052 0.240775534410609 0.6078176204492284 0.22963261967944842 0.7034196867085898 0.3031771999253542 0.7119916874893666
0 0.4645491641810903 0.7202762023179807 0.4123239859937058 0.6657064501082297 0.34018597718130833 0.7347450697052119 0.3924111553686929 0.7893148219149628
0 0.6265624459564046 0.7496362672960454 0.5450200526298445 0.6723523479413597 0.4992992345197348 0.7205924600458791 0.5808416278462948 0.7978763794005647
0 0.7232055115536659 0.6595486408343455 0.6788448275874328 0.5992439390809041 0.5887364762154148 0.6655284572313357 0.6330971601816477 0.7258331589847773
0 0.7982987899305821 0.5445983982986881 0.7304604215458084 0.4615691555962502 0.6804249277850841 0.5024502493841188 0.7482632961698579 0.5854794920865566
0 0.6304355884731508 0.5544404850700142 0.5933600807659455 0.4978961019982133 0.5084850392666144 0.5535476996336849 0.5455605469738198 0.6100920827054856
0 0.49935467681283696 0.5469609437760025 0.4411482400490284 0.5097893482005673 0.38290429076571053 0.6009926634834417 0.4411107275295191 0.6381642590588769
0 0.5726358057960461 0.4453700588637558 0.502610046362522 0.4168286314462241 0.4650264309088885 0.5090391987699034 0.5350521903424127 0.5375806261874352
0 0.7034616482333574 0.4036986487904961 0.7008448918258936 0.3356426937259686 0.5897486312596498 0.3399143530011391 0.5923653876671136 0.4079703080656666
0 0.41319239520136125 0.46017808398766347 0.36201213662054005 0.3729083318492445 0.3028474215545364 0.40760609758983973 0.35402768013535774 0.4948758497282587
0 0.5151575923661957 0.31804881882868763 0.4251132841117505 0.2533616347586518 0.3839131360124661 0.3107120804290673 0.47395744426691133 0.37539926449910305