0 0.5053712530027201 0.5541045155630248 0.4523919617473893 0.5105233312673544 0.3820757039269054 0.5957894414051124 0.43505499518223617 0.6393706257007827
0 0.6203525857737516 0.5614067034063398 0.5567637688618198 0.5336737327795263 0.5156432380208446 0.6277232672824488 0.5792320549327763 0.6554562379092623
0 0.39903875416359946 0.6581957720281014 0.3312343086460755 0.5839321897893454 0.28481517631954306 0.6262080912902819 0.352619621837067 0.7004716735290379
0 0.3489737899111656 0.5223819395246103 0.264018703969466 0.4776063259050333 0.233369761966351 0.5356128589616388 0.31832484790805066 0.5803884725812157
0 0.49014045018293345 0.46337515164731274 0.44484524234197376 0.36989420408745366 0.37933885426985403 0.4015553325031553 0.4246340621108139 0.4950362800630144
0 0.384323691879262 0.3244151106125891 0.2813349499802086 0.30512630567422916 0.2686297214847992 0.3727938624892708 0.3716184633838526 0.3920826674276307
0 0.6031432396914009 0.35625449202777765 0.5602769786428576 0.30925881461637844 0.47999753042870735 0.38230131874863843 0.5228637914772507 0.4292969961600377
0 0.7273555475570679 0.39621276617558465 0.6332464095853767 0.33640769331158865 0.5964930088084881 0.3940982708274599 0.6906021467801794 0.4539033436914559
0 0.6659558062041421 0.4969280091913788 0.5780354116422071 0.4257396938674357 0.5325544293917125 0.4817701725997081 0.6204748239536476 0.5529584879236512
0 0.7952724993078177 0.6740528498380738 0.7804271918206633 0.5681608503551342 0.7088237583900353 0.578174063959783 0.7236690658771895 0.6840660634427225
0 0.638332641289256 0.7570808981280723 0.5412586605582294 0.7146016956688207 0.5143210973367643 0.7760059379026284 0.611395078067791 0.8184851403618799
0 0.6244818447045755 0.20992779812806453 0.5178791472948665 0.1871157609544196 0.5032746411466169 0.2551934153598112 0.6098773385563258 0.27800545253345615