0 0.4959133025227929 0.5950579110863697 0.44122101953766985 0.49995321565327033 0.3818842569683508 0.5340762733538769 0.4365765399534739 0.6291809687869763
0 0.5675398825729976 0.4583184622198971 0.5036866870212947 0.4345056440562244 0.4678897189109035 0.5304938966519575 0.5317429144626064 0.5543067148156302
0 0.64546271536355 0.5683166922842855 0.632031081971594 0.4731358520587857 0.5659833240748902 0.48245631265072236 0.5794149574668461 0.5776371528762221
0 0.7628342059673164 0.5495540923581673 0.6867946756929183 0.542311115783321 0.6765399212202223 0.6499694390051702 0.7525794514946205 0.6572124155800166
0 0.6612159249656326 0.6421280725552581 0.5686440550845058 0.5717828618577776 0.527401317715071 0.6260568810759978 0.6199731875961979 0.6964020917734782
0 0.5171386524125826 0.6827970713854409 0.5050867878606736 0.6156421708779777 0.3980732452610464 0.6348472134122498 0.41012510981295536 0.702002113919713
0 0.6101391329890277 0.7202950504503806 0.5464351573782972 0.6820676746954527 0.4946881374884477 0.7683014489970018 0.5583921130991781 0.8065288247519297
0 0.30651220168196375 0.592134043626237 0.23806240316512303 0.5612172225310249 0.1961756473704544 0.6539544410775072 0.26462544588729514 0.6848712621727192
0 0.34963642404554474 0.4650872093504383 0.34360835221232394 0.363231394468271 0.273998803838538 0.3673510547779026 0.2800268756717588 0.4692068696600698
0 0.5028513692430739 0.41904188884134325 0.4549500969369518 0.37481956760391044 0.3844435717118074 0.4511916839845696 0.4323448440179295 0.4954140052220024
0 0.6368607336216127 0.38159649757133257 0.5225980291015643 0.37785065322683015 0.5203989086881315 0.44493231036318825 0.6346616132081799 0.4486781547076907
0 0.5420299419726516 0.372112508736227 0.4765146994221371 0.2796325927073265 0.4179133534406638 0.3211473513773392 0.48342859599117827 0.4136272674062397