0 0.489261894681986 0.37617218541913566 0.47526427563821866 0.27123502576305086 0.40361661262573323 0.2807921425700221 0.41761423166950057 0.3857293022261069
0 0.38008174295054736 0.4585141185604686 0.3527299637334335 0.39815976078977455 0.25242125154845435 0.443618313420895 0.27977303076556825 0.5039726711915891
0 0.3390373463345474 0.5856585899946651 0.3228315431927194 0.5218165765112142 0.21886295384254834 0.5482082017123708 0.23506875698437635 0.6120502151958219
0 0.4826855804553218 0.6408685854207185 0.46365703806185005 0.5383644870193943 0.3929394428646638 0.5514922817043008 0.4119679852581356 0.6539963801056249
0 0.5995617388233409 0.3997838143702497 0.5832562021082993 0.33357107410950326 0.4811538988480977 0.3587147677241066 0.49745943556313926 0.424927507984853
0 0.738849745318055 0.4490014180003683 0.7352528539681029 0.37915027656107636 0.6336324513876276 0.3843830836346448 0.6372293427375797 0.45423422507393674
0 0.5888559914510061 0.508951509548026 0.5246168506527382 0.5031530411192654 0.5152024379581639 0.6074519245313169 0.5794415787564318 0.6132503929600776
0 0.7576835852165166 0.6613333205079399 0.7561419472226159 0.5904471983926376 0.6439290262896251 0.592887615460953 0.6454706642835258 0.6637737375762554
0 0.42753172121898136 0.7228778654205188 0.38148054289363753 0.6260105310233052 0.31593434348875693 0.6571714970613006 0.36198552181410076 0.7540388314585141
0 0.5834925730508244 0.6873514128723778 0.5389512385294355 0.636686687110148 0.4573091299637369 0.7084614458589119 0.5018504644851257 0.7591261716211417
0 0.47117495253676656 0.8590659244926376 0.465032269563732 0.7607397797125917 0.4000550968267638 0.7647990680483661 0.4061977797997985 0.863125212828412
0 0.6328892440542956 0.8211199634734095 0.5726315931472094 0.7853573387822138 0.5210271963786329 0.8723073250486627 0.5812848472857192 0.9080699497398586