0 0.5818571491665183 0.4097965794844167 0.5056402101359176 0.4050384278205531 0.49950854246883786 0.5030112041278391 0.5757254814994385 0.5077693557917027
0 0.5571229894378126 0.36777161997401536 0.5314090237436976 0.26505795522771225 0.4615308951141686 0.28250796545603235 0.4872448608082836 0.38522163020233546
0 0.4852768136848598 0.4788676478482802 0.44834045770671005 0.41849405475973667 0.36163422172380333 0.4714080972649144 0.39857057770195314 0.5317816903534579
0 0.3757664289212662 0.531166304939471 0.3604706247037677 0.4653508224354115 0.260216348110561 0.48859213967747506 0.2755121523280596 0.5544076221815346
0 0.6101974278053819 0.5801151989153162 0.49944513884648406 0.5684390898534872 0.49249897685003025 0.6341614362454258 0.6032512658089281 0.6458375453072547
0 0.7486428568629082 0.5728505097336006 0.6486324164076335 0.5160601965659475 0.616176777595118 0.573073318473364 0.7161872180503928 0.6298636316410172
0 0.7628687756184597 0.7126412856599821 0.6590068478471129 0.7126412856599821 0.6590068478471129 0.7813704257707547 0.7628687756184597 0.7813704257707547
0 0.589625116218302 0.6750997736422854 0.4874060553312284 0.6534413331232556 0.4721706538550572 0.7251666030957601 0.5743897147421309 0.7468250436147901
0 0.47755284418416033 0.6379617012290493 0.4118597436776271 0.6098390039193553 0.3690768053879904 0.709527944349396 0.43476990589452363 0.73765064165909
0 0.37824820909632856 0.675899100983989 0.32844408722211504 0.5764288720631117 0.2690498868003819 0.6060928776700077 0.31885400867459546 0.7055631065908851
0 0.4507376053730697 0.7901882690597702 0.4093994445844889 0.7340736545458297 0.32214039874567435 0.7981944956721563 0.3634785595342552 0.8543091101860968
0 0.25754865626940066 0.6763938751876246 0.1541248782161364 0.646130709162251 0.1339736526149266 0.7148250701243068 0.23739743066819088 0.7450882361496806