0 0.4080737308602508 0.2949253604859108 0.3165085774699765 0.24682236647985903 0.2860286376027268 0.3046966742366583 0.377593790993001 0.35279966824271
0 0.5322752562284969 0.37235710917588966 0.4974905143729633 0.26914161390599717 0.4336857204165161 0.2905907981179099 0.46847046227204964 0.3938062933878024
0 0.4708679759807384 0.4314355173202637 0.36264680232771324 0.4194208440287657 0.35573069674598423 0.4815614484275791 0.4639518703990093 0.49357612171907705
0 0.6154222115870185 0.37992293168776586 0.5391846969025961 0.36882361107712397 0.5257939575473771 0.46057031588459446 0.6020314722317995 0.4716696364952363
0 0.47706284326170556 0.7182330537597601 0.4103954287411589 0.7134790867685044 0.40303731090304884 0.8164080916718934 0.4697047254235955 0.8211620586631492
0 0.6814157697819192 0.7160157397523035 0.6469972030906487 0.6570609407115363 0.5504478799757536 0.7132868432605446 0.5848664466670241 0.7722416423013118
0 0.6313183444622483 0.6787341249735964 0.6255791356403454 0.6118893710914027 0.5309697819267635 0.6199921195844124 0.5367089907486663 0.6868368734666059
0 0.7102024444885222 0.6027246816170103 0.6934444056103599 0.4947411464187323 0.6267460569734252 0.5050662476499472 0.6435040958515876 0.6130497828482252
0 0.5886643650071107 0.48156564734209106 0.48011411515796687 0.4773122809284407 0.47759449499354084 0.5414549001380301 0.5861447448426846 0.5457082665516805
0 0.34100601403666364 0.6512969619170034 0.3201380466857175 0.586714962311122 0.21595114356743755 0.6202960976245318 0.23681911091838365 0.6848780972304129
0 0.38636962815833337 0.5389129999213341 0.28747302629969457 0.5362895846595207 0.2857279788939342 0.6019094209570887 0.38462458075257305 0.6045328362189021
0 0.5540616990475613 0.5795261401012248 0.5009050479423701 0.5395993135013426 0.4330609677055279 0.6296979798301158 0.48621761881071895 0.6696248064299979
0 0.4611220447837647 0.6745527653197696 0.39125710544082676 0.5913996716770613 0.3375607489913803 0.636402444903372 0.40742568833431814 0.7195555385460805