0 0.6083020488314872 0.4650586748759891 0.5711394593708127 0.41369292931210117 0.4860355687723873 0.4754189388383424 0.5231981582330618 0.5267846844022304
0 0.5375892791896785 0.343011142599624 0.47370998329071184 0.3164399424558719 0.43235228159254224 0.41611620874770455 0.49623157749150887 0.4426874088914567
0 0.4609709442593514 0.4245283578275805 0.39309000133203786 0.3461163567688307 0.33847357012834095 0.393515998965019 0.40635451305565445 0.4719280000237689
0 0.36505810888801277 0.5091723943299902 0.3538544908002461 0.4026192596994398 0.2888374606653432 0.40947265225797713 0.3000410787531099 0.5160257868885275
0 0.43191124005190895 0.5354194768168233 0.3843385938208313 0.49024518033539954 0.3073874280807473 0.5714847343658614 0.35496007431182497 0.6166590308472853
0 0.6561171681876757 0.5805750677404915 0.6267535729824287 0.5129455786747371 0.525764462723499 0.5569031898701583 0.555128057928746 0.6245326789359127
0 0.7107224580697159 0.7027780112904142 0.7030288063000024 0.636025579428093 0.5940115354328652 0.6486220000518218 0.6017051872025787 0.715374431914143
0 0.5271304732395408 0.6649064353556665 0.507847036580515 0.5968382275232409 0.40107239402667266 0.6271627981993088 0.4203558306856984 0.6952310060317344
0 0.3418320423162623 0.6694277463118785 0.28534260230994657 0.583551355981641 0.23079873756858038 0.6195201445053579 0.2872881775748961 0.7053965348355955
0 0.419093468508551 0.7570198433209078 0.3502592118989851 0.7570198433209078 0.3502592118989851 0.8544197284503067 0.419093468508551 0.8544197284503067
0 0.5521585777087917 0.8562146473101944 0.549437713659195 0.7472564348643331 0.4804639175329764 0.7489831369640656 0.48318478158257305 0.8579413494099268
0 0.6877790322923545 0.8177509431063619 0.6352597186199102 0.7189039481534464 0.5748492581369123 0.7510815840184311 0.6273685718093567 0.8499285789713465