0 0.5475952061173593 0.5154966317940477 0.5027228572864147 0.43642549273344944 0.4428472951315086 0.4704044785351438 0.48771964396245326 0.5494756175957419
0 0.5673687454399023 0.39386901304565974 0.5568712265218628 0.32739240474247877 0.4507597978383647 0.3441487760204026 0.46125731675640413 0.4106253843235836
0 0.44044594362815837 0.38182019168813525 0.37461146225121533 0.35588868480383123 0.33380087360251065 0.45949793321204746 0.3996353549794537 0.48542944009635147
0 0.6894228481548467 0.5277158149101578 0.582641184602766 0.5277158149101578 0.5826411846027661 0.5923603503143552 0.6894228481548467 0.5923603503143552
0 0.4748604718221329 0.5551099515869539 0.36889644879993344 0.5411165230772376 0.3603864271075885 0.6055579238319507 0.46635045012978793 0.619551352341667
0 0.3383157768500595 0.7248156648132751 0.32973198236451007 0.6196507401359382 0.25601906066199753 0.6256673523549371 0.2646028551475469 0.7308322770322739
0 0.4639217856429044 0.7263310611820479 0.43137508851316014 0.6256043622258523 0.36459482045637365 0.6471823269681752 0.39714151758611804 0.747909025924371
0 0.6323395730590815 0.6495957048291958 0.5940359369479202 0.5921328709467517 0.5058634342834301 0.6509069903015379 0.5441670703945913 0.708369824183982
0 0.5740817239571577 0.7612615361091567 0.5406699148353734 0.7043303964836917 0.44733597127710234 0.7591063227565159 0.48074778039888666 0.8160374623819809
0 0.7032176406375196 0.7847989066817506 0.6191467075861931 0.7201204767890441 0.5765176491770635 0.775530985694412 0.6605885822283901 0.8402094155871185
0 0.7478044327390453 0.678945366930954 0.6865535142571243 0.6697566698134552 0.6716018692996695 0.7694228112423248 0.7328527877815905 0.7786115083598236