0 0.3249070244376942 0.4525001616171501 0.3127790306445511 0.3478028960424774 0.2467944423774553 0.3554464641199615 0.25892243617059835 0.4601437296946342
0 0.4786332421344039 0.2860703336814617 0.407959656722253 0.2788974466864039 0.39778422886864573 0.3791547029365848 0.46845781428079664 0.3863275899316426
0 0.6204264175768065 0.4345839815737169 0.5962886538494877 0.371752359206345 0.4955499941462762 0.41045271222135177 0.519687757873595 0.4732843345887237
0 0.5163913019910773 0.5179105727740693 0.47783561754320514 0.45390810223463934 0.3839095316838529 0.5104900512952762 0.4224652161317251 0.5744925218347062
0 0.3707393848706849 0.4999358732901386 0.2665815058001305 0.4936205672664794 0.2629139434815724 0.5541094035998244 0.3670718225521267 0.5604247096234836
0 0.3745029973687913 0.5951368160362093 0.31848941290666943 0.5585881136318551 0.25687142804808044 0.6530222240710574 0.3128850125102023 0.6895709264754114
0 0.3742284022852494 0.7682689709913862 0.3185460183217925 0.6830315179294868 0.25937916082298645 0.7216829740536762 0.3150615447864433 0.8069204271155757
0 0.7050672587119593 0.5564490017422108 0.641733191562907 0.5195842336547251 0.5869292982969517 0.6137379103548852 0.6502633654460042 0.6506026784423709
0 0.5868360641210546 0.6550828014582509 0.5737282125966136 0.5972147858566986 0.46182572196030813 0.6225621425480952 0.47493357348474924 0.6804301581496474
0 0.7481262024110881 0.6915796773643651 0.6404089056821575 0.6906506991966999 0.639807139204994 0.7604269979713421 0.7475244359339246 0.7613559761390074
0 0.5786272669500058 0.6799874216136889 0.5134098422779693 0.6772712534963862 0.5090898970223873 0.7809966828976517 0.5743073216944238 0.7837128510149544
0 0.4943447479063886 0.7796954887945464 0.4424852901360818 0.6827586322992724 0.3803780923729575 0.7159848551837112 0.43223755014326426 0.8129217116789853