0 0.5930512589521612 0.5880968028486919 0.5300889604625658 0.49080429395139624 0.47339062242464686 0.5274963036843949 0.5363529209142422 0.6247888125816906
0 0.4766922073345679 0.4789873943948685 0.4454582676232661 0.42041614849317005 0.3508710765634419 0.4708560969276332 0.3821050162747437 0.5294273428293316
0 0.630763783064745 0.4622812526503789 0.5697383964906299 0.3758396489932215 0.5112116874310582 0.41715789037426737 0.5722370740051732 0.5035994940314248
0 0.3152360344736461 0.3964331639650904 0.26052057513523214 0.35096961754179395 0.19172350965878293 0.4337670087446496 0.24643896899719692 0.479230555167946
0 0.3154314007592884 0.6193509935939912 0.28212446703789024 0.5587850467085632 0.19103280267500902 0.6088789391271148 0.22433973639640722 0.6694448860125426
0 0.430245389014576 0.5661626793704125 0.34809679043683645 0.4989588635281563 0.30591967678660664 0.5505153225624638 0.3880682753643462 0.6177191384047199
0 0.682182601136264 0.621347598642908 0.6571734254694647 0.525466204083846 0.584557057624282 0.5444070581262475 0.6095662332910814 0.6402884526853094
0 0.7350544068471563 0.440914426668882 0.6651978963964769 0.43592527293195055 0.6578098934724917 0.5393696906993715 0.7276664039231712 0.5443588444363029
0 0.7421160347897775 0.773518519002096 0.7402820563355079 0.7001486833856516 0.6407563741843736 0.702636462664126 0.6425903526386432 0.7760062982805704
0 0.6381272935734377 0.7018107377367417 0.6104422591063703 0.643357216413484 0.5099271272706438 0.6909636706755763 0.5376121617377112 0.749417191998834
0 0.5002799776636321 0.6355057672466277 0.4344794025344567 0.6139476585360869 0.39842608482537073 0.7239911262829958 0.4642266599545461 0.7455492349935365
0 0.3791257487297728 0.6825741045832474 0.27235447161158194 0.6786920417540334 0.26978057805338396 0.7494837611221413 0.3765518551715748 0.7533658239513553