0 0.34355060390292536 0.608726965024751 0.3018348660649968 0.5169127631571312 0.23732404109915872 0.5462232250164362 0.27903977893708726 0.638037426884056
0 0.41050194177751237 0.7064697105327317 0.30327551922083734 0.6693138254743124 0.279624751072467 0.7375664658105562 0.386851173629142 0.7747223508689756
0 0.5143110843940996 0.5495499741065203 0.45164005239720123 0.5060096460237214 0.3910719494599029 0.5931900988204118 0.4537429814568013 0.6367304269032107
0 0.4082598159465142 0.4726665257174998 0.3577713920344941 0.3733877756647336 0.29676876700680743 0.40441079308293115 0.34725719091882756 0.5036895431356974
0 0.530008866201642 0.3635928471857816 0.5239842992548067 0.26514891552701764 0.45126681572573285 0.2695990765511106 0.45729138267256814 0.36804300820987457
0 0.5890463064611127 0.49208667880681745 0.5864526502247548 0.42468105399327905 0.47971435288991593 0.428788165993302 0.4823080091262738 0.4961937908068404
0 0.738370981246733 0.413574012896413 0.6444441817449459 0.36254896263120695 0.612255713177502 0.4218014242689661 0.7061825126792892 0.47282647453417215
0 0.6738496980778942 0.5840290368301073 0.6173962584187672 0.5544038088994983 0.5682893742953637 0.6479812330530514 0.6247428139544907 0.6776064609836604
0 0.7870691995804524 0.5491075493980565 0.7268208897329249 0.5120555606546571 0.6699747751387004 0.6044900680010679 0.7302230849862279 0.6415420567444674
0 0.5983316421909842 0.7151842342899044 0.4895745066908008 0.6808557005742646 0.46868126488732287 0.747048132464349 0.5774384003875064 0.7813766661799886
0 0.7346666822326602 0.6917814769753808 0.6684023474773964 0.6633946705983731 0.6291806017604339 0.7549513907646734 0.6954449365156977 0.7833381971416812
0 0.5372027903809767 0.8257389712934867 0.5077988974106624 0.7596086618304423 0.40992121501348466 0.8031285685231113 0.439325107983799 0.8692588779861559