0 0.32691109833346393 0.5498981326069395 0.29424153456014435 0.48788568357975926 0.19750586696609154 0.5388482259594898 0.23017543073941113 0.6008606749866701
0 0.29092432378719274 0.4034672256574702 0.18468785611800065 0.398636187637281 0.1815639158869066 0.4673328888377658 0.28780038355609866 0.472163926857955
0 0.3432810082924555 0.707393197466625 0.33980052112875087 0.6075758686970755 0.27104427254721936 0.6099733005214132 0.274524759710924 0.7097906292909627
0 0.4558325066175561 0.6347906262695743 0.35608518068812167 0.6094419397842229 0.3394414191229868 0.6749353021518821 0.4391887450524212 0.7002839886372334
0 0.5855531083655157 0.5900362378863878 0.49715213350108484 0.5540744907925905 0.4689608144174794 0.6233742409744946 0.5573617892819103 0.6593359880682919
0 0.4354107258553261 0.3931581594170181 0.360646450008729 0.39051826836258596 0.35720510435633207 0.4879805159834988 0.4319693802029292 0.49062040703793086
0 0.5716325081426424 0.3948272938526356 0.511986946751372 0.358777949503063 0.4583726457936546 0.44748566768550224 0.518018207184925 0.4835350120350748
0 0.5567098473236652 0.5007989466597482 0.4495537077540316 0.49641054367000903 0.4469255628377314 0.5605846553272029 0.554081702407365 0.5649730583169421
0 0.7198679232798068 0.5489241329202358 0.6435352548004396 0.46659218605274255 0.594098630409093 0.512426514086756 0.6704312988884604 0.5947584609542492
0 0.5566267842908342 0.709147740789299 0.49801547355331083 0.6730947850932051 0.4450113632674555 0.7592635975622151 0.503622674004979 0.7953165532583089
0 0.6628982798582571 0.7371229373002742 0.632877184345098 0.6412450620721454 0.5664745758913733 0.6620369188583848 0.5964956714045324 0.7579147940865137
0 0.8007906845724436 0.6357668365022622 0.741201812861944 0.6068360779125652 0.6936650298977264 0.7047478990907835 0.753253901608226 0.7336786576804805