0 0.39192510204197983 0.47154385399793497 0.3109692509255571 0.40453089243429935 0.263883619827282 0.46141328133297566 0.3448394709437046 0.5284262428966112
0 0.6250326527622495 0.5029104388638074 0.5680150796447012 0.45526045824194145 0.5012581267615924 0.5351412765013034 0.5582756998791407 0.5827912571231693
0 0.7522160516966633 0.5014250998440684 0.7111199426332976 0.44665395975428707 0.6343990393487547 0.5042195062017992 0.6754951484121203 0.5589906462915806
0 0.665947379693775 0.6237342925262307 0.601209044445767 0.6082037286551504 0.5758371754080611 0.7139650247205253 0.6405755106560693 0.7294955885916057
0 0.4865431407837427 0.5373411279151109 0.4277127565234312 0.5035003938041652 0.3765730708639376 0.5924041199596345 0.43540345512424916 0.6262448540705801
0 0.43548266019951115 0.6484308240227751 0.3652916511427338 0.5638250444729883 0.3150168103913693 0.6055342731011637 0.38520781944814664 0.6901400526509506
0 0.5142378822706691 0.7357561980080178 0.5070245344035154 0.6325052951052087 0.4409444304770967 0.6371218046302403 0.4481577783442504 0.7403727075330493
0 0.3669530569290075 0.6952757382749687 0.31659994600460317 0.6559542956653495 0.2560966944157044 0.7334317923276337 0.3064498053401087 0.7727532349372529
0 0.4120178778273185 0.7378091031755527 0.3544002973890994 0.7073948824544045 0.3087319463587996 0.7939103290638743 0.36634952679701877 0.8243245497850226
0 0.5753296084105791 0.8288370291952788 0.5218114226426758 0.7802951009051698 0.44715253413871653 0.8626076172168515 0.5006707199066199 0.9111495455069605
0 0.6866822285178008 0.8289466236386707 0.6115287515056804 0.7440940413697054 0.562568679753133 0.787457714325509 0.6377221567652532 0.8723102965944745
0 0.7520013707476408 0.701010627855212 0.6875460025758446 0.6791296234526342 0.655032067356119 0.7749066557471141 0.719487435527915 0.796787660149692