0 0.28293153667036036 0.5480270942922415 0.24423172233591037 0.500933831288425 0.1693478949128549 0.5623173410752889 0.2080477092473049 0.6094106040791055
0 0.3464538595359562 0.5200278127946452 0.34471545697175343 0.4245791139675007 0.2721166484911636 0.4258980490465263 0.2738550510553663 0.5213467478736709
0 0.4695164093106845 0.439976440472507 0.43585915115640095 0.34648619594916036 0.37178547450169497 0.3694956157655201 0.4054427326559785 0.46298586028886674
0 0.6182064712838328 0.48071208610618293 0.59806793590654 0.4146537757501283 0.4860587110084243 0.44871559168599584 0.5061972463857172 0.5147739020420504
0 0.5153901645355685 0.5558990746640482 0.4150352167683457 0.52456386917169 0.3954931814067193 0.5869933353800579 0.49584812917394216 0.6183285408724161
0 0.6570866792992803 0.6090203098356188 0.6491540270821495 0.5460824543600673 0.5431280571601703 0.5594125207460263 0.551060709377301 0.6223503762215779
0 0.36010978097820295 0.7388389783962616 0.24873705225352905 0.7165826895817827 0.23529325670202048 0.7836887271803269 0.3466659854266944 0.8059450159948058
0 0.48442951449464655 0.8039968370855827 0.382109415178465 0.774600367405495 0.3630383422375957 0.8408150782995613 0.46535844155377737 0.870211547979649
0 0.6603898369150015 0.879121520943266 0.5936518724500601 0.7902107438258703 0.5408111232702923 0.8297748265516824 0.6075490877352338 0.9186856036690781
0 0.6421731528876308 0.6851949423450086 0.549342229646299 0.6532380573698646 0.5253316247403756 0.722811727922373 0.6181625479817074 0.754768612897517
0 0.5012576655874957 0.6642507313424614 0.44825429674959066 0.6258334920355655 0.3865855451772113 0.7107038555102099 0.4395889140151163 0.7491210948171059
0 0.4057473516178257 0.688295847271697 0.39307778403123705 0.6207800087451654 0.2915895207490183 0.6397770310283175 0.30425908833560694 0.707292869554849