0 0.7065476629688221 0.3903070713927262 0.6426358955392614 0.3583472925421469 0.5915042573625102 0.4605981054380486 0.6554160247920708 0.49255788428862785
0 0.5470482873341544 0.4499891710729892 0.4921753298993415 0.41732243786759043 0.4428375625224447 0.5001990815827241 0.4977105199572576 0.5328658147881229
0 0.3918257897287696 0.5346273627575986 0.323199857427189 0.5064767802559331 0.28274451096944836 0.6050994594520612 0.35137044327102895 0.6332500419537269
0 0.4756233925751073 0.6693957153245198 0.4556956746360079 0.6051926373004902 0.3594315668837443 0.6350716407063423 0.37935928482284353 0.6992747187303718
0 0.6024986191095093 0.7100065386035829 0.5601713361963252 0.6042021453466472 0.4970419241782389 0.6294572070730877 0.539369207091423 0.7352616003300233
0 0.771983259875645 0.5866332752774984 0.7690244485910256 0.5215311540052626 0.6642501912664434 0.5262930150452928 0.6672090025510626 0.5913951363175286
0 0.747682455588436 0.6211478952339539 0.6321204195071917 0.6195204375526037 0.6311948729682169 0.6852413738064657 0.7467569090494611 0.686868831487816
0 0.807564614451631 0.787762204460033 0.7278629632516874 0.708070957903224 0.680895396908571 0.7550446564225557 0.7605970481085146 0.8347359029793646
0 0.5852520880918161 0.8285026459461534 0.5777619570658558 0.7580862675200185 0.47343606620706374 0.7691833249006685 0.4809261972330241 0.8395997033268034
0 0.4761684035332945 0.8087188961392434 0.42144263219204425 0.7659699278928721 0.36068001391435456 0.8437561597101227 0.4154057852556048 0.8865051279564938
0 0.3959459102304608 0.7681055526467317 0.3914698327950918 0.7009554542648847 0.28075871575592826 0.7083352131150589 0.28523479319129724 0.7754853114969058
0 0.3399004417208844 0.8033555353337296 0.2401776206389031 0.8033555353337296 0.2401776206389031 0.8676471833783208 0.3399004417208844 0.8676471833783208