0 0.31668275842799315 0.5797564960597297 0.2245730451039236 0.5300580169482291 0.192442816752777 0.5896072461272795 0.28455253007684655 0.6393057252387802
0 0.37597949565820243 0.7157916369564858 0.33279975629920727 0.6257183953808679 0.26855678388174503 0.6565154973404363 0.31173652324074014 0.7465887389160542
0 0.4759042915817815 0.7289779489776674 0.3707114376290774 0.7077372040177833 0.3577786353343064 0.7717857289429872 0.4629714892870106 0.7930264739028714
0 0.5883855823373342 0.8630714587925113 0.536772552620939 0.7695631154929287 0.4770643896002473 0.8025197382236415 0.5286774193166425 0.8960280815232242
0 0.6436414866574146 0.7202233086617057 0.6041634116212969 0.6618895778263144 0.5166703566245122 0.7211015867418601 0.55614843166063 0.7794353175772515
0 0.7599975807562775 0.5901875868495101 0.7092613922967979 0.5431209197651636 0.6403209159201823 0.617436294500792 0.691057104379662 0.6645029615851384
0 0.5758063733516497 0.5934633526512244 0.47854199510441753 0.5537806814760772 0.4563183610541476 0.6082520132761221 0.5535827393013798 0.6479346844512693
0 0.4175300354090871 0.5067659664442096 0.3456077977361947 0.5033830036839536 0.34089971146607767 0.6034775432047577 0.41282194913897 0.6068605059650136
0 0.5923102631843739 0.5343633662707391 0.528104128374429 0.4532956157991473 0.47668474220175305 0.4940200718404476 0.5408908770116978 0.5750878223120395
0 0.6918606731607356 0.4744522197460508 0.605010028479479 0.40752486807091515 0.5629060190968973 0.4621626247879709 0.649756663778154 0.5290899764631065
0 0.49483142461859525 0.42445731644719326 0.43762330736462796 0.3903905227693005 0.3827146887975696 0.48259816399724775 0.43992280605153683 0.5166649576751406
0 0.44513576700563656 0.35454955534168947 0.3532362217645272 0.3085801839412013 0.32214698294954747 0.370732152131015 0.41404652819065685 0.41670152353150325