0 0.3192380936793988 0.36554987832556735 0.24569320366435726 0.36554987832556735 0.24569320366435726 0.46558774647004336 0.3192380936793988 0.46558774647004336
0 0.3637861388321863 0.5006802092674121 0.3134223803757557 0.4492938307052554 0.23821504689273992 0.5228203311472968 0.2885788053491705 0.5742067097094534
0 0.4746605906219108 0.39933977604616205 0.36596521809522686 0.3981719311500542 0.3652548215572371 0.4641258049954622 0.473950194083921 0.46529364989156996
0 0.48635407362632 0.5644585596902274 0.4846212466441998 0.4926673488629827 0.3830888328710795 0.49511191740781607 0.3848216598531997 0.5669031282350607
0 0.5864531217447234 0.5199285259031847 0.5364373163434177 0.42452209309524874 0.4733569242149834 0.4575086948670548 0.5233727296162891 0.5529151276749907
0 0.6923397718538883 0.5049768729410159 0.6299951676986104 0.46889571794559926 0.5822635603672891 0.5511650714192282 0.644608164522567 0.587246226414645
0 0.42916332363840004 0.731568013424847 0.3765350822481654 0.6888030981517046 0.3034542979684782 0.7785145791219509 0.3560825393587128 0.8212794943950934
0 0.44115248780578314 0.5975368608293943 0.3417493979252873 0.54656914966849 0.3116897083803494 0.6050485390203544 0.4110927982608452 0.6560162501812585
0 0.7263300878416986 0.5818661376623425 0.662004472172167 0.5811971846360244 0.6610021965871964 0.6773338523779202 0.725327812256728 0.6780028054042383
0 0.6588242904603193 0.7717739991368472 0.6132835396413638 0.6794671465004407 0.5483713987436647 0.711412357494238 0.5939121495626203 0.8037192101306445
0 0.6016181755001765 0.6010120335189284 0.5058777243442097 0.58826821228758 0.49787869906597126 0.6482123135085582 0.593619150221938 0.6609561347399067
0 0.5097782091373808 0.7483216843907963 0.49747305263824937 0.6487306327208919 0.43314185005741346 0.6566593344003011 0.44544700655654496 0.7562503860702054