0 0.5334400946582644 0.4633652587150355 0.5145165451941224 0.36106345331474804 0.4468498013118944 0.3736116407068173 0.4657733507760364 0.47591344610710473
0 0.4301243545020405 0.4790664260026655 0.39762770124804175 0.4228728057201905 0.3114025304461257 0.47286153563877725 0.3438991837001244 0.5290551559212523
0 0.4156510929208238 0.5770762811586762 0.3315281143848799 0.51849020963463 0.29447093511590083 0.5718334062803334 0.3785939136518448 0.6304194778043796
0 0.6642948886414234 0.49933950888176726 0.6530721841266152 0.43191032610012775 0.5496438477936558 0.4491677348857563 0.5608665523084643 0.5165969176673958
0 0.742078116095723 0.5254416658906731 0.6799816807105128 0.4922778725485783 0.6333922996989634 0.5797310968422753 0.6954887350841736 0.6128948901843702
0 0.5821955124044809 0.5844977615723701 0.5561713096636747 0.5193475707739597 0.45058614062607744 0.5616291379955443 0.4766103433668837 0.6267793287939547
0 0.5789550872345911 0.6113624939625344 0.5123844538674975 0.5903110663723748 0.4789956533373844 0.6961604587460083 0.545566286704478 0.717211886336168
0 0.7793731914254812 0.6412275093928957 0.6804319086487794 0.6004413463355179 0.6573924663799411 0.6564716611384039 0.7563337491566429 0.6972578241957818
0 0.7818171489461697 0.7474932907651747 0.7312188949574935 0.6993586597253904 0.6674288668614886 0.7665815362425427 0.718027120850165 0.8147161672823269
0 0.6359623542823765 0.7023661463388412 0.569315225586144 0.7011069341579186 0.5673059657465953 0.8077186779130475 0.6339530944428278 0.8089778900939701
0 0.48646712039002327 0.7617477578889207 0.398770214398745 0.7077199613305157 0.3630464046536935 0.7658514170573785 0.45074331064497175 0.8198792136157836
0 0.3557383292691252 0.6699433312736593 0.24269076935215572 0.6566286664610066 0.23495647193476557 0.7224608467670633 0.348004031851735 0.7357755115797161