0 0.356126020696631 0.48963056240056296 0.2865579585770452 0.4770823801697869 0.2668301333082821 0.5864549210319674 0.33639819542786786 0.5990031032627435
0 0.4215077193922793 0.5991474071197738 0.32128398057390817 0.5840121824913517 0.31163214812706985 0.6479255209464707 0.411855886945441 0.6630607455748929
0 0.5423131693274129 0.6123828338479769 0.4938972877671149 0.5684453436328628 0.41928573882296916 0.6506617810994598 0.4677016203832671 0.6945992713145739
0 0.6326592461511471 0.6018986921109657 0.5593496597937786 0.5367627557730148 0.508512382163283 0.5939794015166164 0.5818219685206516 0.6591153378545673
0 0.6972269757233254 0.4770089083813142 0.6138925784078116 0.40820951640647185 0.5692056577824389 0.4623372854362237 0.6525400550979528 0.5311366774110661
0 0.7499352923843188 0.5918487430725732 0.6440175720407992 0.5909430582166032 0.6434789248581162 0.6539365832636209 0.7493966452016357 0.6548422681195908
0 0.7206144353606017 0.7475781303916498 0.6656428297409844 0.6438729011122016 0.6056753818234025 0.675660178570095 0.6606469874430199 0.7793654078495431
0 0.6431975254788183 0.7834617043641241 0.5658843386328011 0.7826888825408651 0.5647845328095383 0.8927135875235266 0.6420977196555556 0.8934864093467856
0 0.5664466988997771 0.8413928930218825 0.4988349210441556 0.8275857041832775 0.47633534722735604 0.9377628158697796 0.5439471250829774 0.9515700047083847
0 0.5461965244088454 0.7189264503109066 0.5043679593546365 0.6634074402360287 0.42628600883336987 0.7222351452425376 0.4681145738875787 0.7777541553174155
0 0.43368910522059495 0.734686115844383 0.4078930763159702 0.6747739814073686 0.30302134544980835 0.7199280094873659 0.32881737435443303 0.7798401439243804