0 0.37358815919196703 0.44007856883974156 0.2706217865417487 0.4381126683839537 0.26927270149274457 0.5085960616541506 0.37223907414296287 0.5105619621099384
0 0.5401338804779656 0.48388102055731197 0.539275317172628 0.41102799999532935 0.4380563340012025 0.4122178721874469 0.43891489730654004 0.4850708927494295
0 0.6469774897291516 0.47635071951248237 0.5915251400716431 0.38652243022842697 0.531891608625542 0.4232431290379438 0.5873439582830505 0.5130714183219992
0 0.7736331356865408 0.5386346505451722 0.691439192036219 0.4644048081980192 0.6455376345341345 0.515104145981304 0.7277315781844566 0.5893339883284571
0 0.38253286143189186 0.622041068814885 0.3314974247053025 0.5799724881010505 0.268642252390746 0.6560346353052222 0.31967768911733535 0.6981032160190566
0 0.4917242865190401 0.5987345195449261 0.44165664611317207 0.5471121892691737 0.3658394479784445 0.6204623102974793 0.41590708838431256 0.6720846405732317
0 0.6284776071512149 0.5441437215432865 0.5157087406267356 0.5386203700333105 0.5123690767462151 0.6066350840847088 0.6251379432706945 0.6121584355946849
0 0.7858082812106526 0.6698514228566885 0.7361007053456456 0.6193702696367024 0.6735824340215207 0.6807767014127758 0.7232900098865277 0.731257854632762
0 0.6315026468378827 0.6747449090661469 0.5345400681084409 0.6193830198474921 0.4991170732855724 0.6812689774460293 0.5960796520150142 0.736630866664684
0 0.4845364206983314 0.7552370204873778 0.39060862872458696 0.7043713397394578 0.3548469982160709 0.7702432333768957 0.44877479018981536 0.8211089141248158
0 0.5773621835693844 0.7703309071060994 0.5010903508269597 0.759891273075794 0.48822596892320036 0.8536434621088691 0.564497801665625 0.8640830961391746
0 0.7037637964423709 0.8030243190979853 0.6619751621919984 0.7464725428047636 0.5747687141478551 0.8107522825066795 0.6165573483982275 0.8673040587999011