0 0.368319604469798 0.7877185455910098 0.2647388847407072 0.7793448403562909 0.25947844628238786 0.8444151988571058 0.3630591660114787 0.8527889040918247
0 0.3248110052186415 0.6818574812736102 0.2851815065415455 0.6253915225736643 0.20298009579347287 0.6830829312293945 0.24260959447056887 0.7395488899293404
0 0.44228738835841325 0.6380019530813886 0.3997855177767898 0.576347540425956 0.3180137311716627 0.6327174536541054 0.36051560175328623 0.6943718663095378
0 0.34535968286740176 0.47507042464313043 0.2817931137030397 0.4388707477384052 0.23112454892589007 0.5278446586338702 0.2946911180902521 0.5640443355385955
0 0.5208980296211657 0.49166107795588704 0.4670325086859214 0.4556214852740218 0.40628429774318214 0.5464170183201351 0.4601498186784265 0.5824566110020004
0 0.7137752622733535 0.5807372026289024 0.6047124390649775 0.5637331120426614 0.5954665771250779 0.6230353017743643 0.704529400333454 0.6400393923606053
0 0.6284076839962014 0.5063819873062081 0.5662783549972207 0.42786890932600036 0.5138638269485272 0.4693458140817215 0.575993155947508 0.5478588920619292
0 0.5952920616993309 0.892602125816694 0.5699618204465489 0.7815834030590083 0.502667184277515 0.7969374742178015 0.5279974255302973 0.9079561969754871
0 0.4841755809065816 0.8148839854635601 0.4678968213895815 0.710743717271703 0.39739854515297496 0.721763705074159 0.41367730466997504 0.8259039732660161
0 0.6907206283598009 0.790188812774608 0.5914359019979016 0.7574987177338063 0.5722056568372554 0.8159038592992859 0.6714903831991546 0.8485939543400876
0 0.6330701759187539 0.7543808664846204 0.6168043342907177 0.6908938027318119 0.5142760169668842 0.7171622938762735 0.5305418585949204 0.7806493576290819
0 0.573191459363984 0.5996334150501409 0.5015215452040286 0.5945119019049679 0.49398759981348384 0.6999411381718027 0.5656575139734392 0.7050626513169755