0 0.5107057228611255 0.5277275028803831 0.5094063992838693 0.47444738857800767 0.4176040369696816 0.4766861407909947 0.41890336054693783 0.52996625509337
0 0.6713687471916787 0.5089719979384751 0.6223218366531885 0.48063018286779935 0.5756466541128232 0.5614038911400552 0.6246935646513133 0.5897457062107311
0 0.6202729386649284 0.4597626902334052 0.5342615321498609 0.4119848499263492 0.5054196380566528 0.46390707708380174 0.5914310445717202 0.5116849173908578
0 0.684203938518889 0.43788678682634224 0.5990592702901749 0.3964113679028381 0.5721484868708999 0.45165637290772936 0.6572931550996141 0.49313179183123346
0 0.7610333335022451 0.4731510412254898 0.7525122324347504 0.3943429334472247 0.7016118416065682 0.39984652168007845 0.7101329426740629 0.47865462945834353
0 0.6254175354650257 0.3813639436023658 0.6133473662252587 0.30289794553794036 0.5581378174633909 0.31139065083252876 0.5702079867031579 0.3898566488969542
0 0.8272038343370389 0.2998176348762775 0.8213328294866303 0.2455040015980525 0.7306185207131578 0.2553097191438174 0.7364895255635665 0.30962335242204236
0 0.5224933962155401 0.2949450804556327 0.4425640273331311 0.2776293214736073 0.431362163608965 0.32933701148643135 0.511291532491374 0.3466527704684568
0 0.48615882200463123 0.22122351614972544 0.4845788419566248 0.1685498346379824 0.3963804850578492 0.17119539956087373 0.3979604651058556 0.22386908107261674
0 0.2930417811844276 0.14214195678711763 0.23216177159226759 0.09040068085086565 0.19383427087463598 0.13549772511795685 0.254714280466796 0.1872390010542088
0 0.38492449009199836 0.37229261568902866 0.3389377715747519 0.3322989637346602 0.28124716121131327 0.3986345377627233 0.32723387972855966 0.4386281897170916
0 0.5982370659951773 0.250408840931044 0.5260845727523812 0.20282522893379984 0.4940643254020067 0.25137851405882056 0.5662168186448029 0.29896212605606476
0 0.36383266971458655 0.2557214644452907 0.3051049349614216 0.19909870730224702 0.26577015183294855 0.2398957794813087 0.32449788658611345 0.29651853662435235
0 0.4967515719110253 0.05791497051722202 0.4597125602742633 0.009998999290203033 0.38430018730490906 0.06829270989316608 0.4213391989416711 0.11620868112018506
0 0.7870544502897783 0.15001464880366577 0.7841227159668646 0.10016720406610723 0.6866487095437062 0.10590005339724594 0.68958044386662 0.1557474981348045