0 0.4502353855708603 0.44511430391838586 0.4377322408929202 0.3950951087367915 0.35048982730686257 0.4169028270569085 0.3629929719848026 0.46692202223850277
0 0.5797367202677794 0.4261577352071023 0.5204318671062731 0.35252821945211815 0.4712261650635211 0.39216092522822144 0.5305310182250275 0.4657904409832056
0 0.701955806279518 0.38798702966228504 0.6915779248736332 0.33312545679239586 0.5960652467672285 0.3511930985732377 0.6064431281731132 0.40605467144312696
0 0.6175653292878649 0.2877487170668562 0.5622545456224245 0.26008965362117914 0.5167179659541119 0.3511507234164325 0.5720287496195523 0.37880978686210953
0 0.6847255479044272 0.23317312873235047 0.6258037753846916 0.2245070201751326 0.612505321984258 0.3149245866008411 0.6714270945039938 0.32359069515805905
0 0.5607136482218192 0.1749793063674595 0.45422889892303164 0.16932598492336198 0.4511088929562455 0.22809374763935178 0.5575936422550332 0.2337470690834493
0 0.6579934066829192 0.06676205203749228 0.6034687023118961 0.06410200269960133 0.5985409749542215 0.16510872974446078 0.6530656793252446 0.16776877908235174
0 0.47599080551305784 0.05698507807598014 0.43969676233795857 0.025751198393289692 0.3905955779293897 0.08280720696403163 0.42688962110448886 0.11404108664672208
0 0.4219905600568695 0.15318885885296557 0.411928739842038 0.09685003670850997 0.3253081660674676 0.1123200200530419 0.3353699862822991 0.1686588421974975
0 0.35296660460749646 0.21177725815364482 0.3200392284235598 0.1760979074280544 0.26020717397118426 0.23131507155089037 0.2931345501551209 0.2669944222764808
0 0.4309409194158896 0.2702145897418797 0.37383499596960157 0.24893706465133286 0.3424346316013083 0.33321128339484446 0.39954055504759634 0.35448880848539127