0 0.5144611567714819 0.45824550426391186 0.42488290076288593 0.45281719954036387 0.4217780294666275 0.5040539981385426 0.5113562854752234 0.5094823028620905
0 0.6117540730896165 0.3880381400746474 0.5462989140416714 0.3880381400746473 0.5462989140416714 0.4815882701532715 0.6117540730896165 0.48158827015327155
0 0.5416772257363053 0.4244494411154784 0.5317336976041958 0.3667844764532159 0.44169820961371015 0.3823098550425398 0.4516417377458197 0.43997481970480234
0 0.6418216428426012 0.3288429631642709 0.6178424066802575 0.27848002918918097 0.5181101501134141 0.32596541465942885 0.5420893862757578 0.3763283486345188
0 0.5205802172460099 0.2874860385376764 0.47624357257200295 0.26195552020184765 0.42073043888432826 0.3583603816572849 0.4650670835583352 0.38389089999311365
0 0.7050728268485194 0.25329999293527844 0.6369628233159635 0.17781693550140507 0.5935742960533551 0.21696734680684998 0.6616842995859111 0.2924504042407234
0 0.5512693369862198 0.2112729557125294 0.44822369148134694 0.18135279703366322 0.4324872600706806 0.23554939238128958 0.5355329055755534 0.26546955106015574
0 0.5208824775186364 0.1255355633566776 0.4694899740383348 0.03418284023523254 0.4179242758439512 0.06319226911012213 0.46931677932425275 0.15454499223156717
0 0.3511136612336277 0.17907459164878134 0.3123858758809743 0.13422604625581583 0.23763359955559105 0.1987764143176028 0.27636138490824447 0.24362495971056827
0 0.3335869469481648 0.3293478098619626 0.2980433373885133 0.2813575907257811 0.21728924581542025 0.34116752601849887 0.25283285537507183 0.38915774515468043
0 0.77193516451746 0.3417093372054053 0.7193901434858717 0.2523944224908836 0.6759253504578875 0.2779652744710819 0.7284703714894759 0.36728018918560346