0 0.35565209039571005 0.06929932957540019 0.29195993158861644 0.06448938157076546 0.2850871685952131 0.15549683354271263 0.3487793274023067 0.16030678154734737
0 0.49283950031016494 0.10762583689615578 0.4906953051425209 0.05297209034698919 0.3826353198002958 0.057211538015559144 0.3847795149679398 0.11186528456472573
0 0.6068197328084917 0.05571654329023288 0.5429404025762925 0.05311085883517507 0.5395352120816754 0.1365903790383872 0.6034145423138745 0.139196063493445
0 0.7558107945762282 0.01968973130761071 0.6637966951690971 0.019689731307610602 0.663796695169097 0.0737354244025182 0.7558107945762281 0.0737354244025183
0 0.3923308963310422 0.25464164200583966 0.3079409145341446 0.18752036449544843 0.2696504938292188 0.23566199746398045 0.3540404756261164 0.3027832749743717
0 0.4838541583580457 0.21248067975666046 0.4272749738983843 0.21197575401069635 0.4264808882520988 0.30095659647530154 0.48306007271176016 0.30146152222126565
0 0.5584226715539198 0.28127653963741667 0.5563575674782602 0.20172259929730604 0.49843024640624006 0.20322630792979424 0.5004953504818996 0.28278024826990483
0 0.6046829338638561 0.38078525204606545 0.5318191906629884 0.3433453137753014 0.5095381224355479 0.38670761907143436 0.5824018656364156 0.42414755734219833
0 0.7002584467235997 0.33243576373170153 0.6347786037343793 0.2658511047467906 0.5933398601494118 0.30660226972954036 0.6588197031386321 0.3731869287144513
0 0.8250882798494078 0.26272914703948824 0.7255234441278918 0.21616963346948903 0.7011326465747545 0.2683279479639872 0.8006974822962705 0.3148874615339864
0 0.6997903415359162 0.16640464565701008 0.6590352477949781 0.11921010542709193 0.5824821170331967 0.18531796462350097 0.623237210774135 0.23251250485341912