0 0.35615894785193836 0.1811583881674773 0.3360840881699917 0.08945502225832849 0.2785149713120684 0.10205752524694674 0.2985898309940151 0.19376089115609554
0 0.49034588440144844 0.1821710914014933 0.4104501254833038 0.17490322723095153 0.4054285693767662 0.23010528201177943 0.48532432829491096 0.23737314618232122
0 0.5887433560739601 0.13887117970852206 0.5542360089119884 0.047005354873433 0.5010098148202324 0.06699858696961043 0.5355171619822041 0.15886441180469948
0 0.771852330504233 0.20290456888668326 0.7140618966807255 0.12229764165032946 0.6656883493389808 0.1569786347399732 0.7234787831624884 0.23758556197632702
0 0.7594633386368675 0.34445172699313886 0.7529382358525616 0.27678587396861337 0.6976198855289345 0.2821202916340359 0.7041449883132405 0.34978614465856134
0 0.6419269895754275 0.42074737871871365 0.6415526396627528 0.37317219029193693 0.5532494069077958 0.3738670127101724 0.5536237568204703 0.4214422011369491
0 0.49181485140597003 0.4767642123440199 0.4511384258900687 0.43691666929720296 0.3945459358148296 0.49468635925274795 0.4352223613307309 0.5345339022995649
0 0.5805498750175407 0.24307567463141416 0.4962531251313444 0.23711153205794458 0.49265128750281195 0.2880196386236241 0.5769480373890084 0.29398378119709373
0 0.3909870263382426 0.32663157909703583 0.3016121485997395 0.26038640854108247 0.2661290379788589 0.30825855751297426 0.355503915717362 0.3745037280689277
0 0.6450932553409681 0.5387197722456671 0.6189855751929009 0.4901899114952246 0.5461903155408103 0.5293516837711723 0.5722979956888774 0.5778815445216148
0 0.7822504531206212 0.46582671779019846 0.7039966113818911 0.40896387662491535 0.6694771616993185 0.4564690574602571 0.7477310034380487 0.5133318986255402