0 0.42245281980767424 0.4663601644759077 0.4069082310166922 0.4126537334342116 0.3104663006621712 0.4405675255163117 0.32601088945315315 0.4942739565580079
0 0.5973998736987872 0.43694013103820706 0.5332910447988236 0.35948522196609645 0.48771492415153606 0.39720822436199144 0.5518237530514994 0.4746631334341021
0 0.698144501128588 0.3805550438670599 0.6814597244400606 0.30639061043399 0.6169331056878222 0.3209071674210858 0.6336178823763494 0.39507160085415577
0 0.49173635884273936 0.345036995983955 0.3904908628676836 0.3210548506990778 0.37675856320575013 0.37902854211138326 0.4780040591808059 0.40301068739626045
0 0.3030459559107059 0.36604593744086594 0.28357132475494945 0.30762975344756266 0.19323854425045472 0.33774465417097527 0.2127131754062111 0.3961608381642786
0 0.5212085269164737 0.2762290798962767 0.4981424409381342 0.22086338662424662 0.43236368771675976 0.24826769220924852 0.4554297736950992 0.3036333854812786
0 0.3060436846294903 0.24746784931817883 0.29599244638957256 0.15199393472058303 0.23601930839964422 0.1583077461995921 0.24607054663956193 0.2537816607971879
0 0.4159349944103919 0.12798485216684025 0.3399554945443456 0.12333368138486689 0.3370540356148536 0.17073065059508938 0.41303353548089994 0.17538182137706274
0 0.5198247898409873 0.11551840555199462 0.46699972615575797 0.09926670935059269 0.44156093004109703 0.18195383370851742 0.49438599372632636 0.19820552990991938
0 0.5842350680103202 0.14069519768739872 0.5246652797666153 0.1321840820739123 0.5129723289879102 0.21402371784713603 0.5725421172316152 0.22253483346062242
0 0.7134451029618676 0.14485170487569332 0.6129565561279212 0.14284215031033534 0.6117548643566592 0.20293320825825348 0.7122434111906056 0.20494276282361146
0 0.6131163846294223 0.04784630668299481 0.5164072266314572 0.005696356376720968 0.4929490691569359 0.05951892653540869 0.589658227154901 0.10166887684168253