0 0.3475200377818809 0.4455400792302397 0.32544599096976595 0.3942076097439193 0.23629801096574057 0.43254312532512007 0.25837205777785555 0.4838755948114405
0 0.4268313733752176 0.3658248670133678 0.3892050444249124 0.32129533373237584 0.31322865221903945 0.38549346281575125 0.35085498116934477 0.43002299609674327
0 0.5180094256412369 0.4717269995452325 0.457925066706682 0.3886994039217943 0.4068717644136868 0.4256450111832517 0.46695612334824166 0.50867260680669
0 0.653087065213505 0.3808166846953559 0.6118536391198153 0.3444889094750928 0.5605822219988481 0.4026839455255507 0.601815648092538 0.4390117207458138
0 0.5666263836244636 0.3521548001353498 0.563186654885925 0.2572562085827114 0.5020467954381549 0.25947230608396943 0.5054865241766935 0.35437089763660784
0 0.6341067303230156 0.2514476908054532 0.5816508086231522 0.24534434453560608 0.5757209555481831 0.29630915872761865 0.6281768772480465 0.3024125049974658
0 0.6924892724088968 0.2149033474211745 0.6363623292068338 0.1419242732048054 0.5926071902976053 0.17557559343223852 0.6487341334996685 0.24855466764860765
0 0.3906001823503284 0.26092662408809897 0.31505308391552034 0.204732507988097 0.2787397586310085 0.253551967215504 0.35428685706581664 0.30974608331550596
0 0.48046350859363757 0.2117179460422229 0.3915059954558283 0.18394072496208777 0.374162525661658 0.2394837880215332 0.4631200387994672 0.26726100910166833
0 0.36644253859357356 0.12240460917240768 0.29441172072087707 0.0858729132463804 0.2691817059503692 0.13561981255649747 0.3412125238230657 0.17215150848252472
0 0.4531752195893707 0.07780929271660265 0.37035466920233695 0.06827526071265494 0.36501468554124683 0.11466281066907702 0.44783523592828056 0.12419684267302473
0 0.5714281849603524 0.1543615839513794 0.5643279182683615 0.10196172780648707 0.47912742497613026 0.11350653478059927 0.48622769166812124 0.1659063909254916