0 0.5505877752200211 0.37543326828566964 0.4548903135208006 0.3499172603604277 0.43807916348509307 0.4129672637690903 0.5337766251843136 0.43848327169433227
0 0.3767432375227753 0.43352825527651845 0.30909354319171783 0.37941561647497707 0.2809338789604996 0.414619826062569 0.348583573291557 0.4687324648641104
0 0.41393102547238775 0.314222725135228 0.35399099188523936 0.2611399378239598 0.3216223516711733 0.2976899661829565 0.3815623852583217 0.35077275349422465
0 0.5869258409149197 0.26903776614215397 0.49482675687956335 0.2310336229626658 0.46924781037302105 0.29302153656239704 0.5613468944083775 0.3310256797418852
0 0.29621325135195625 0.17213993654893314 0.24749774221394058 0.1509620735282297 0.21515217722812505 0.22536668484809477 0.2638676863661406 0.2465445478687982
0 0.5008355692701292 0.16006969464937318 0.39391204720892087 0.136549623252346 0.38189186739358866 0.1911940135677094 0.4888153894547969 0.2147140849647366
0 0.6818692284414004 0.2030560088139646 0.671157751969526 0.1452996130749908 0.581737044642065 0.1618835392424981 0.5924485211139395 0.21963993498147188
0 0.7221585806359021 0.23562444885257433 0.6763037262070838 0.1971112875347987 0.6113896119858927 0.27439985996405164 0.6572444664147109 0.3129130212818273
0 0.6745595512215307 0.34983936359702394 0.5909450359510666 0.34745063464395337 0.5894916343906424 0.39832516639523874 0.6731061496611065 0.40071389534830937
0 0.6853779833383344 0.4301723895003141 0.5881733312877341 0.4215309797350816 0.5828362720966731 0.4815659735306311 0.6800409241472734 0.4902073832958636
0 0.5773532709711587 0.5363301584045107 0.5528672463965282 0.4862038009010016 0.47831061541140896 0.5226236723902772 0.5027966399860395 0.5727500298937863