0 0.615953837712369 0.4755199652917085 0.5348044116297689 0.4367110002944236 0.5089483546771594 0.4907759356156846 0.5900977807597596 0.5295849006129695
0 0.4986695638844044 0.39995610201886106 0.38876190353406115 0.3826369510033902 0.3800205658920146 0.43810964523138707 0.48992822624235793 0.4554287962468579
0 0.35485208766626136 0.40685158908198693 0.3139205714341835 0.3398355310462375 0.2602280314678894 0.37262941859479337 0.3011595476999673 0.4396454766305428
0 0.2641354019175162 0.2897923175648712 0.20536853276698655 0.26925768994592664 0.17081826866439154 0.3681351026417504 0.22958513781492124 0.388669730260695
0 0.27112266203650953 0.22501741966820302 0.2174288798460099 0.13672924429246303 0.1651445937993251 0.16852671949261172 0.21883837598982478 0.2568148948683517
0 0.3338908667392057 0.07317615907375329 0.26903090326859613 0.04888825277381671 0.23341732757597175 0.143993001201121 0.2982772910465813 0.16828090750105756
0 0.43445901536277004 0.09743480299926519 0.38885883009595235 0.05572882824443005 0.3222342526853054 0.1285743399752575 0.3678344379521231 0.1702803147300926
0 0.6894910247840761 0.38292640789164495 0.6617174507470932 0.32690946917862 0.5763363125691441 0.3692420103175696 0.6041098866061271 0.42525894903059447
0 0.6365091190937595 0.26578336825259136 0.6158562409046252 0.20919834177679306 0.5265877294948711 0.24178031278743742 0.5472406076840055 0.2983653392632357
0 0.5181539970146576 0.26308214752824716 0.44031029180128833 0.18866964734458128 0.39664430289459257 0.23434910119861546 0.47448800810796177 0.3087616013822813
0 0.6980145602245023 0.1513360324108285 0.612785807865269 0.09121234360028825 0.575202073174188 0.1444894275599092 0.6604308255334214 0.20461311637044943