0 0.3073587693368084 0.2839628157787895 0.2118155793836129 0.23970537681649604 0.18879839691010497 0.28939499033270866 0.28434158686330047 0.3336524292950021
0 0.35469079603789033 0.1809624034833765 0.2717973323713613 0.1781301265981532 0.2699849634675826 0.23117350546394352 0.35287842713411166 0.23400578234916683
0 0.4378881234294601 0.12812262392030635 0.4011313593711702 0.08322589529328586 0.33632057902055273 0.13628621025680368 0.37307734307884255 0.18118293888382417
0 0.4399748537305112 0.30646248296693607 0.43436197945319177 0.2475642634794057 0.3404221933362398 0.25651652406895303 0.34603506761355923 0.3154147435564834
0 0.5858174055579083 0.16881897628855058 0.5425793338237886 0.12712424089217844 0.48220378130974245 0.18973460274655735 0.5254418530438622 0.23142933814292949
0 0.6669731401641688 0.22580319974476445 0.615187726889962 0.1719924193236131 0.5899750472310149 0.19625612681252275 0.6417604605052217 0.2500669072336741
0 0.5799760233966238 0.33462775882441614 0.558406635950254 0.2375046058054625 0.49168835577131614 0.2523215921800104 0.5132577432176859 0.349444745198964
0 0.7381946603170254 0.2696419836640173 0.6635047106225486 0.2683238617363709 0.6625873330813932 0.3203060653266593 0.7372772827758701 0.3216241872543057
0 0.7996027360356527 0.2777243095420271 0.7415332829049379 0.2764250626235064 0.7395680651070679 0.3642598853799066 0.7976375182377826 0.36555913229842724
0 0.4546435030137726 0.4775873831824085 0.41259586600809806 0.3916615333105223 0.362671380906207 0.4160919768893685 0.40471901791188153 0.5020178267612547
0 0.5294475071488469 0.4491885087415918 0.49252635160335984 0.36549298092587335 0.4362261689308373 0.39032904870560436 0.47314732447632457 0.47402457652132274
0 0.613890100109128 0.4186180301934643 0.5791346050119017 0.35262400276838507 0.5353836527645206 0.37566526976878306 0.5701391478617468 0.4416592971938623
0 0.6917891547975108 0.4004015202359834 0.6358476095218161 0.32091463684064014 0.5885897047589221 0.3541739634867618 0.6445312500346169 0.43366084688210504