0 0.23638975510537977 0.2393805610478557 0.17018539285078862 0.18119166355271707 0.13617980010067404 0.21988149405343707 0.20238416235526516 0.2780703915485757
0 0.3663688302471476 0.32621843369791653 0.3177157318961492 0.2943927320835449 0.26677756537273073 0.3722637451318255 0.31543066372372913 0.4040894467461971
0 0.5515715461976389 0.5445983742061896 0.5268645918952951 0.5017274428873634 0.45219322361919206 0.5447613128532581 0.47690017792153605 0.5876322441720844
0 0.48557292765000437 0.49063287530635 0.40860311557907775 0.44304260652970695 0.37705624249060526 0.49406473679842317 0.45402605456153194 0.5416550055750662
0 0.6580530588921428 0.46680167086182567 0.5672771452719704 0.43209319519873063 0.5484166744561354 0.48142052625851656 0.639192588076308 0.5161290019216116
0 0.5107777569469132 0.41176417580246794 0.4834828071733483 0.320110771814057 0.4244653069550921 0.337686547880403 0.45176025672865694 0.42933995186881396
0 0.6700307255169154 0.321050400078139 0.6447543019073467 0.2746313873795125 0.560703739254049 0.32039922048791086 0.585980162863618 0.3668182331865374
0 0.6177217920865055 0.26058243035441514 0.5980243048166629 0.21493840927555413 0.5244251797692173 0.24669980527940044 0.5441226670390599 0.29234382635826145
0 0.46458735182561545 0.2658431341530729 0.37051537117345956 0.241722098254133 0.3560355329038005 0.2981934318758194 0.45010751355595646 0.32231446777475936
0 0.3443751229397791 0.18040298685506412 0.3076489361961594 0.0969721568598716 0.25387363085814707 0.12064400461870144 0.29059981760176673 0.20407483461389395
0 0.5599865818200231 0.1659775382668468 0.533253270980571 0.12681768562129175 0.4567338016675294 0.1790553377118356 0.4834671125069816 0.21821519035739065
0 0.45628795839141334 0.15595004363766476 0.38903431036582214 0.08088954112639223 0.34066466772866405 0.12422837862690751 0.40791831575425525 0.19928888113818008