0 0.5233323283854427 0.435792062122709 0.42544600274234323 0.42073039604542295 0.41634276561075273 0.47989267130081653 0.5142290912538523 0.4949543373781026
0 0.4286645563674965 0.5224470435153046 0.3531987700322758 0.498971838256584 0.33727250711851564 0.5501700254895535 0.41273829345373636 0.5736452307482743
0 0.6276915254690568 0.4908125137790539 0.6002825425698256 0.4085966727557436 0.5421991770920814 0.42796041034322274 0.5696081599913128 0.5101762513665331
0 0.7060301264059484 0.3429052760728441 0.645332656465238 0.3392538101438871 0.6392040760257844 0.44112777918546925 0.6999015459664948 0.44477924511442624
0 0.5635389631912741 0.27213683159309665 0.5049056183817647 0.260314047134148 0.48732598280976314 0.3474976406182123 0.5459593276192723 0.359320425077161
0 0.6299050278564576 0.28324731823843113 0.5699476991258474 0.2010308719584891 0.5241623655626447 0.23442037515037425 0.5841196942932549 0.3166368214303163
0 0.7797001408483133 0.19396265512252445 0.7221166146530807 0.16336743852404656 0.6822304866894828 0.23843747069804677 0.7398140128847155 0.26903268729652463
0 0.4901291400446727 0.22797055101533767 0.3846660267407823 0.2235768073296831 0.38240640345835264 0.2778145879806242 0.48786951676224294 0.2822083316662788
0 0.37627161434265777 0.21500056440469328 0.2921145134572015 0.15655047810312103 0.25730378791456654 0.20667135775883946 0.3414608888000228 0.2651214440604117
0 0.5636924681259513 0.2023253407742993 0.5599978290245025 0.14985462702541508 0.455928403853319 0.15718250461714947 0.45962304295476786 0.2096532183660337
0 0.6709899083683148 0.078060125971805 0.5867217796919361 0.0764080299557265 0.5856966531389647 0.12869645353078016 0.6699647818153432 0.13034854954685868
0 0.5458589926688839 0.06769189306126547 0.44955151731821413 0.03341746986442065 0.43107512517042484 0.08533416211983776 0.5273826005210946 0.11960858531668257
0 0.4329239991708515 0.0857405973804728 0.3237317533779184 0.07038748505898805 0.3156520425760076 0.12785086768424722 0.4248442883689407 0.14320398000573198
0 0.4130470775179487 0.30678140014970295 0.3508223811758987 0.30112409990916167 0.3429356679738993 0.3878701295107821 0.4051603643159493 0.3935274297513233