0 0.3372000998108056 0.2198316235247767 0.28006071056544907 0.21983162352477667 0.28006071056544907 0.30271356920452813 0.3372000998108056 0.3027135692045282
0 0.42596190809285744 0.3468170220465775 0.40810118356627706 0.2668897372850919 0.34954787282210636 0.27997418718779693 0.3674085973486867 0.35990147194928257
0 0.4551055453973119 0.18486307562080578 0.38222341714082986 0.17878573507354648 0.37758414318604616 0.23442193922570378 0.4504662714425282 0.24049927977296306
0 0.40315055450329024 0.12378222250815965 0.3771800157077562 0.0698093095152558 0.2917943529219913 0.11089494942228915 0.31776489171752526 0.164867862415193
0 0.5505401510511142 0.1258343339115495 0.4710247473910261 0.07993138282595044 0.44321247699217303 0.12810919830766848 0.5227278806522611 0.1740121493932675
0 0.6571768332208173 0.16870027136925345 0.6162143111753455 0.08149106397283067 0.5617420434295542 0.10707691132792706 0.602704565475026 0.19428611872434984
0 0.5624629903555619 0.4230900199039995 0.5131787322946124 0.3429711970156805 0.4711273792065326 0.368838648167502 0.5204116372674821 0.44895747105582107
0 0.7275529596819958 0.3683007661757074 0.6845284842356796 0.3325501065867764 0.6259793818698599 0.4030115874687128 0.6690038573161762 0.4387622470576437
0 0.6869720292231464 0.3005665380834231 0.6450120661294532 0.26894442550428593 0.5881663036847373 0.34437411377207133 0.6301262667784305 0.37599622635120844
0 0.5693435192168832 0.2945183788717779 0.4864127603733299 0.29034313807114137 0.4841761212434079 0.334768403381669 0.5671068800869612 0.33894364418230555
0 0.6529198838198597 0.21684903490428784 0.5625401434651683 0.21274331313262934 0.560065915103339 0.26720879553915394 0.6504456554580303 0.27131451731081246