0 0.45245319911476733 0.4060801954583818 0.3959169222172945 0.3887263188443863 0.3709563838949145 0.4700439366593004 0.4274926607923873 0.4873978132732959
0 0.5572378965792254 0.3333082182135996 0.5065711048046001 0.3174894646516673 0.4779798883266131 0.4090659094203307 0.5286466801012384 0.42488466298226313
0 0.6871968614929785 0.2729989510770082 0.6457180990503599 0.23094802666519837 0.5802240252614631 0.2955509614659855 0.6217027877040816 0.3376018858777954
0 0.5662134156420873 0.27026650849621253 0.5587426243380872 0.1663566870738096 0.5027022038450358 0.1703858181064776 0.5101729951490359 0.27429563952888053
0 0.6561954688358183 0.12090681628607475 0.5811309030266737 0.0703772796186288 0.5493207823015217 0.11763306421616242 0.6243853481106663 0.16816260088360838
0 0.48501891652477225 0.067021480386163 0.42498019574471096 0.051692710167685015 0.4007425872654492 0.1466249837370731 0.4607813080455105 0.1619537539555511
0 0.3671919944518734 0.16859790709561243 0.36037403750206676 0.09960912220339879 0.30293587617519097 0.1052855652921491 0.3097538331249976 0.17427435018436274
0 0.26489093301289685 0.17645254786515716 0.2454656396258324 0.11850733475084926 0.15103123306223606 0.15016510171276293 0.1704565264493005 0.20811031482707082
0 0.37523027968531725 0.3876536401473976 0.3741458211484138 0.33238136175995675 0.26282506041943765 0.3345655081861434 0.26390951895634107 0.38983778657358426
0 0.49119557698381 0.27791933085197373 0.45912742090286446 0.2294563498173678 0.39271908338582684 0.27339902290740725 0.4247872394667724 0.32186200394201325
0 0.3368548998167201 0.2691456088531487 0.24774809456279903 0.22291307348593428 0.22276716150901524 0.2710603602181971 0.3118739667629363 0.31729289558541146