0 0.3835731020365958 0.1386063249956465 0.3197832035799453 0.13492536394002416 0.3155665867388148 0.20799800884493938 0.37935648519546533 0.21167896990056176
0 0.36061507113320124 0.25955044345388256 0.33159332948647774 0.20921453852553148 0.25875701123912154 0.25120915079449085 0.2877787528858451 0.30154505572284196
0 0.36235625310517694 0.39477163672010224 0.3518913709624775 0.3365041121833484 0.2696267103033986 0.3512788942793923 0.280091592446098 0.4095464188161461
0 0.47684547814477535 0.5271417931332092 0.4656958839128642 0.471428783581852 0.3915091794525976 0.4862754353566443 0.40265877368450875 0.5419884449080015
0 0.5579461791143195 0.44128131273884474 0.515584590955413 0.3614220413368232 0.4618510418367176 0.38992516236611086 0.5042126299956243 0.46978443376813245
0 0.6793399535896639 0.35551533905333976 0.6220521787856242 0.3497902460278056 0.6123629692187307 0.4467446978108059 0.6696507440227704 0.45246979083634004
0 0.5504900444420663 0.29486215564911095 0.4534626682707379 0.29486215564911095 0.4534626682707379 0.35054139082885766 0.5504900444420663 0.35054139082885766
0 0.698795984386144 0.2514290031844767 0.6783468601987291 0.19771064698015445 0.5929176628468062 0.23023123006046994 0.6133667870342211 0.2839495862647922
0 0.6386025231553932 0.12294331732793629 0.6012906797078217 0.10127966330891537 0.5597457395936737 0.17283353414791627 0.5970575830412452 0.19449718816693717
0 0.553294522194842 0.17590199081884178 0.5493652764503708 0.10325702610059301 0.5017461407597429 0.10583266622917571 0.5056753865042142 0.1784776309474245
0 0.4812758061502408 0.19971215316004023 0.4805912283734592 0.13601424335883391 0.42413951430649266 0.13662094441122458 0.42482409208327426 0.20031885421243087