0 0.7030201904480513 0.49380646656783794 0.6703519660553162 0.4444895295016985 0.5837549910376787 0.5018525690557223 0.6164232154304138 0.5511695061218617
0 0.8334295091586388 0.4487419604703777 0.8249899997067598 0.3964101959797262 0.7352935935333371 0.41087547677176595 0.7437331029852159 0.4632072412624174
0 0.8305495893989191 0.36747135289401794 0.8247949828455111 0.31485098274264395 0.7308546484598799 0.3251243742510992 0.7366092550132879 0.37774474440247324
0 0.7009623027050115 0.3175654512508069 0.6502653641577748 0.30103169068266217 0.6188378882168228 0.397396749914434 0.6695348267640595 0.41393051048257873
0 0.5790251202415372 0.35221463354536703 0.5599333961831845 0.2970536889414457 0.4691234705231081 0.3284838621357324 0.4882151945814608 0.3836448067396536
0 0.44538009258920985 0.5254987486516796 0.4399995085411934 0.46989257716719907 0.3416879331334174 0.4794054366260108 0.34706851718143383 0.5350116081104912
0 0.4449737904536997 0.34995783369367495 0.3496809797104271 0.3433103394291278 0.34558459582860096 0.4020326065643587 0.4408774065718735 0.40868010082890593
0 0.7743771905936713 0.2430019616220756 0.7219770556909679 0.2181777926833723 0.6959214970854473 0.27317720834420917 0.7483216319881506 0.2980013772829124
0 0.6808228909209426 0.20343449094792698 0.6454002136392979 0.11235949054322915 0.5905389427686979 0.13369721313092964 0.6259616200503425 0.2247722135356275
0 0.5821337534316684 0.1784894620515949 0.5266285833123423 0.16816162778436128 0.5107540408813793 0.2534766275605019 0.5662592110007054 0.2638044618277355
0 0.4795839507481868 0.20435334529134538 0.39668488016064507 0.18363128315693295 0.38295064286193825 0.23857540502600022 0.46584971344948 0.25929746716041263
0 0.37229887395774014 0.29182520040653265 0.34855463817580284 0.20160890136490958 0.28571530180749716 0.21814773121007006 0.3094595375894344 0.30836403025169307
0 0.4921773833586857 0.10887949192098355 0.4399977481489262 0.08208102971456858 0.40067106725528684 0.1586545228961849 0.45285070246504633 0.1854529851025999
0 0.5832884256190354 0.493443327881395 0.5749461912416735 0.4371256352831686 0.4979910024400663 0.448524863339564 0.5063332368174284 0.5048425559377904