0 0.5488303677754801 0.4840581874016486 0.5053608704329251 0.4373394036547545 0.4416317239397715 0.4966361948369867 0.4851012212823265 0.5433549785838807
0 0.6660142867887431 0.3857698558468914 0.6050440545828621 0.3857698558468914 0.6050440545828621 0.4775215172032934 0.6660142867887431 0.4775215172032934
0 0.6167121933103337 0.3287798030006208 0.5823345111688578 0.29442371348060914 0.5223981547600199 0.35439773957403436 0.5567758369014957 0.38875382909404604
0 0.49465921221405595 0.35877536028653045 0.43316108265579495 0.35877536028653045 0.43316108265579495 0.4502877507631665 0.49465921221405595 0.4502877507631665
0 0.5148859425560726 0.29391186530422847 0.4882064564542469 0.2517847201675889 0.4199382710291376 0.2950195536303949 0.44661775713096347 0.3371466987670344
0 0.3780140487640541 0.2486849891005884 0.2851496002733624 0.2464619512968116 0.2839173185491618 0.2979388818774024 0.3767817670398535 0.3001619196811792
0 0.49448542958193203 0.24625745552123177 0.49277335586518717 0.1871052325069633 0.3899059906775023 0.19008257643884144 0.3916180643942472 0.24923479945310992
0 0.5186519827237934 0.13413177513626354 0.41873809641641324 0.09320873127555146 0.40045280175160286 0.13785240095112908 0.500366688058983 0.17877544481184118
0 0.589496333854117 0.2113725718268432 0.5648836157753303 0.12417537672861226 0.5195024936193271 0.13698488011305482 0.5441152116981139 0.22418207521128575
0 0.7104082887028355 0.23278099658930818 0.6659322706714482 0.19179000782160363 0.6101207471994402 0.252346593523091 0.6545967652308273 0.2933375822907956
0 0.6054378908478959 0.0526290963644347 0.5635936143438735 0.03726154282487573 0.5364819856192894 0.11108373488072672 0.5783262621233118 0.12645128842028566